287
.0000 .0000 .0000 .0000 .0000 .0000 .0000 .0000 .0000 2.5000 2.5000 .0000 .0000 .0000 .0000 .0000 -5.0000 .0000 .0000 .0000 -5.0000 -5.0000 -5.0000 .0000 .0000 .0000 .0000 -5.0000 .0000 .0000 .0000 .0000 .0000 .0000 .0000 .0000 .0082 .8784
.0000 .0000 .0000 .0000 .0000 .0000 .0000 .0000 .0000 .0000 .0000 .0000 .0000 .0000 .0000 .0000 -5.0000 .0000 .0000 .0000 -5.0000 -5.0000 -5.0000 .0000 .0000 .0000 .0000 -5.0000 .0000 .0000 .0000 .0000 .0000 .0000 -8.0000 -8.0000 1.7918 -.9869
.0000 .0000 .0000 5.0000 5.0000 .0000 .0000 .0000 .0000 5.0000 5.0000 .0000 .0000 .0000 .0000 .0000 .0000 .0000 .0000 .0000 -5.0000 -5.0000 -5.0000 -5.0000 .0000 .0000 .0000 -5.0000 -5.0000 .0000 .0000 .0000 .0000 .0000 .0000 .0000 -.7227 -.3422
.0000 .0000 .0000 5.0000 .0000 .0000 .0000 .0000 .0000 5.0000 .0000 .0000 .0000 .0000 .0000 .0000 .0000 .0000 .0000 .0000 -5.0000 -5.0000 -5.0000 -5.0000 .0000 .0000 .0000 -5.0000 -5.0000 -5.0000 .0000 .0000 .0000 .0000 .0000 .0000 -.9548 .3516
5.0000 .0000 .0000 .0000 .0000 .0000 .0000 .0000 .0000 -5.0000 .0000 .0000 .0000 .0000 .0000 -5.0000 -5.0000 .0000 .0000 .0000 -5.0000 -5.0000 -5.0000 .0000 .0000 .0000 .0000 -5.0000 .0000 .0000 .0000 .0000 .0000 .0000 .0000 .0000 1.7918 -2.8583
-8.0000 -8.0000 -8.0000 .0000 .0000 .0000 .0000 5.0000 .0000 .0000 .0000 .0000 .0000 5.0000 .0000 .0000 .0000 .0000 .0000 .0000 -5.0000 -5.0000 .0000 .0000 .0000 .0000 -5.0000 .0000 .0000 .0000 .0000 .0000 -5.0000 .0000 .0000 .0000 .1084 1.5698
-8.0000 -8.0000 -8.0000 -8.0000 -8.0000 .0000 -8.0000 -8.0000 .0000 .0000 .0000 .0000 .0000 .0000 .0000 .0000 .0000 .0000 .0000 .0000 -5.0000 -5.0000 .0000 .0000 .0000 -5.0000 -5.0000 .0000 .0000 .0000 .0000 -5.0000 .0000 .0000 .0000 .0000 -1.4566 .1874
-8.0000 -8.0000 -8.0000 -8.0000 -8.0000 -8.0000 .0000 .0000 -8.0000 -8.0000 -8.0000 -8.0000 5.0000 .0000 .0000 5.0000 .0000 5.0000 .0000 .0000 -5.0000 -5.0000 .0000 .0000 .0000 -5.0000 -5.0000 .0000 .0000 .0000 .0000 -5.0000 .0000 .0000 .0000 .0000 .5601 -.1874
-8.0000 -8.0000 -8.0000 -8.0000 -8.0000 -8.0000 .0000 .0000 .0000 5.0000 .0000 .0000 .0000 .0000 .0000 .0000 5.0000 5.0000 .0000 .0000 -5.0000 -5.0000 .0000 .0000 .0000 .0000 -5.0000 -5.0000 .0000 .0000 .0000 .0000 -5.0000 -5.0000 5.0000 5.0000 -.6662 2.2185
-8.0000 -8.0000 -8.0000 -8.0000 -8.0000 -8.0000 .0000 .0000 5.0000 .0000 .0000 .0000 .0000 .0000 .0000 .0000 .0000 5.0000 .0000 .0000 -5.0000 -5.0000 .0000 5.0000 .0000 .0000 -5.0000 -5.0000 .0000 5.0000 .0000 .0000 .0000 -5.0000 .0000 .0000 -.2810 .1250
-8.0000 -8.0000 -8.0000 -8.0000 -8.0000 -8.0000 -8.0000 -8.0000 .0000 .0000 .0000 .0000 5.0000 .0000 .0000 .0000 5.0000 .0000 .0000 .0000 -5.0000 -5.0000 .0000 .0000 .0000 .0000 .0000 -5.0000 5.0000 5.0000 .0000 .0000 .0000 -5.0000 .0000 5.0000 -1.2832 .0000
.0000 .0000 .0000 .0000 .0000 .0000 .0000 .0000 .0000 .0000 5.0000 .0000 .0000 .0000 .0000 .0000 5.0000 .0000 .0000 .0000 -5.0000 -5.0000 .0000 .0000 .0000 .0000 5.0000 -5.0000 -5.0000 -5.0000 .0000 .0000 .0000 .0000 -5.0000 -5.0000 -.7244 1.7147
.0000 .0000 .0000 5.0000 .0000 .0000 .0000 .0000 .0000 5.0000 .0000 .0000 .0000 .0000 .0000 .0000 -5.0000 -5.0000 .0000 .0000 -5.0000 -5.0000 -5.0000 -5.0000 .0000 .0000 .0000 -5.0000 -5.0000 .0000 .0000 .0000 .0000 .0000 .0000 .0000 -2.7494 -2.7307
.0000 .0000 .0000 -8.0000 -8.0000 -8.0000 .0000 .0000 .0000 .0000 5.0000 5.0000 .0000 .0000 .0000 .0000 5.0000 5.0000 .0000 .0000 -5.0000 -5.0000 .0000 .0000 .0000 .0000 -5.0000 -5.0000 .0000 .0000 .0000 .0000 .0000 -5.0000 -5.0000 -5.0000 2.1075 -.5990
-8.0000 -8.0000 -8.0000 -8.0000 -8.0000 -8.0000 .0000 .0000 .0000 .0000 5.0000 5.0000 .0000 .0000 .0000 .0000 5.0000 5.0000 .0000 .0000 -5.0000 -5.0000 .0000 .0000 .0000 .0000 .0000 -5.0000 .0000 .0000 .0000 .0000 .0000 -5.0000 -5.0000 -5.0000 -.1079 1.6024
-8.0000 -8.0000 -8.0000 -8.0000 .0000 .0000 -8.0000 -8.0000 -8.0000 5.0000 5.0000 .0000 -8.0000 .0000 .0000 5.0000 5.0000 .0000 .0000 .0000 -5.0000 -5.0000 .0000 .0000 .0000 .0000 .0000 -5.0000 -5.0000 -5.0000 .0000 .0000 .0000 .0000 .0000 -5.0000 -.5562 2.8211
.0000 .0000 .0000 .0000 .0000 .0000 .0000 .0000 .0000 -5.0000 -5.0000 .0000 .0000 .0000 -5.0000 -5.0000 -5.0000 -5.0000 .0000 .0000 -5.0000 -5.0000 -5.0000 -5.0000 .0000 .0000 .0000 -5.0000 -5.0000 .0000 .0000 .0000 .0000 .0000 .0000 .0000 -1.7918 -3.6989
.0000 .0000 .0000 5.0000 .0000 .0000 .0000 .0000 .0000 5.0000 .0000 .0000 .0000 .0000 .0000 .0000 .0000 .0000 .0000 .0000 -5.0000 -5.0000 .0000 .0000 .0000 5.0000 .0000 -5.0000 -5.0000 .0000 .0000 5.0000 .0000 .0000 .0000 .0000 -2.7355 -1.3769
5.0000 .0000 .0000 .0000 5.0000 .0000 .0000 .0000 .0000 .0000 5.0000 .0000 .0000 .0000 .0000 .0000 .0000 .0000 .0000 .0000 -5.0000 -5.0000 -5.0000 -5.0000 .0000 .0000 .0000 -5.0000 -5.0000 -5.0000 .0000 .0000 .0000 .0000 .0000 .0000 .1391 .9768
.0000 .0000 .0000 .0000 .0000 .0000 .0000 .0000 .0000 .0000 .0000 .0000 .0000 .0000 .0000 .0000 .0000 .0000 .0000 5.0000 -5.0000 -5.0000 .0000 -5.0000 .0000 .0000 5.0000 -5.0000 -5.0000 -5.0000 .0000 .0000 .0000 .0000 .0000 .0000 1.8997 -1.4566
.0000 .0000 .0000 .0000 .0000 .0000 .0000 .0000 .0000 .0000 .0000 .0000 5.0000 .0000 .0000 .0000 .0000 .0000 5.0000 .0000 -5.0000 -5.0000 -5.0000 -5.0000 .0000 .0000 .0000 -5.0000 -5.0000 .0000 .0000 .0000 .0000 .0000 .0000 .0000 2.6852 -.5601
.0000 .0000 .0000 5.0000 .0000 .0000 .0000 .0000 .0000 5.0000 5.0000 .0000 .0000 .0000 .0000 .0000 5.0000 .0000 .0000 .0000 -5.0000 -5.0000 .0000 .0000 .0000 .0000 -5.0000 -5.0000 .0000 .0000 .0000 .0000 .0000 -5.0000 .0000 .0000 -3.0846 -2.9051
-8.0000 .0000 5.0000 5.0000 .0000 .0000 -8.0000 -8.0000 .0000 .0000 .0000 .0000 -8.0000 -8.0000 .0000 .0000 .0000 .0000 -8.0000 -8.0000 -5.0000 -5.0000 .0000 .0000 -8.0000 -8.0000 -5.0000 -5.0000 5.0000 .0000 -8.0000 -8.0000 -5.0000 -5.0000 5.0000 .0000 -2.9237 -2.8870
-8.0000 -8.0000 -8.0000 -8.0000 5.0000 .0000 -8.0000 5.0000 .0000 5.0000 5.0000 .0000 -8.0000 5.0000 .0000 .0000 .0000 .0000 -8.0000 .0000 -5.0000 -5.0000 .0000 .0000 -8.0000 -8.0000 -5.0000 -5.0000 .0000 .0000 -8.0000 -8.0000 -5.0000 -5.0000 .0000 .0000 -1.3148 1.2711
-8.0000 -8.0000 -8.0000 -8.0000 .0000 .0000 -8.0000 -8.0000 -8.0000 .0000 .0000 .0000 -8.0000 -8.0000 .0000 5.0000 .0000 .0000 -8.0000 .0000 -5.0000 -5.0000 .0000 .0000 -8.0000 5.0000 -5.0000 -5.0000 .0000 .0000 -8.0000 -8.0000 .0000 -5.0000 -5.0000 .0000 -1.8997 2.7513
.0000 .0000 .0000 .0000 .0000 .0000 .0000 .0000 .0000 .0000 5.0000 .0000 .0000 .0000 .0000 .0000 5.0000 .0000 5.0000 .0000 -5.0000 -5.0000 .0000 .0000 5.0000 .0000 .0000 -5.0000 -5.0000 .0000 .0000 .0000 .0000 5.0000 5.0000 .0000 2.2433 -.8483
.0000 .0000 .0000 .0000 .0000 .0000 .0000 .0000 .0000 .0000 5.0000 5.0000 .0000 .0000 .0000 .0000 5.0000 .0000 5.0000 5.0000 -5.0000 -5.0000 .0000 .0000 .0000 .0000 .0000 -5.0000 -5.0000 .0000 .0000 .0000 .0000 .0000 -5.0000 .0000 -1.1008 2.9681
.0000 .0000 .0000 .0000 .0000 .0000 .0000 .0000 .0000 .0000 .0000 .0000 .0000 .0000 .0000 .0000 -5.0000 -5.0000 5.0000 .0000 -5.0000 -5.0000 -5.0000 -5.0000 .0000 .0000 .0000 -5.0000 -5.0000 .0000 .0000 .0000 .0000 .0000 .0000 .0000 2.1095 -2.1606
-8.0000 -8.0000 -8.0000 -8.0000 .0000 .0000 -8.0000 -8.0000 -8.0000 .0000 .0000 5.0000 -8.0000 -8.0000 .0000 .0000 .0000 .0000 -8.0000 .0000 -5.0000 -5.0000 .0000 .0000 5.0000 5.0000 -5.0000 -5.0000 .0000 .0000 -8.0000 .0000 .0000 -5.0000 .0000 .0000 -2.2112 .0937
-8.0000 -8.0000 -8.0000 -8.0000 .0000 .0000 -8.0000 -8.0000 -8.0000 .0000 .0000 .0000 -8.0000 -8.0000 -8.0000 .0000 .0000 .0000 -8.0000 -8.0000 -5.0000 -5.0000 .0000 .0000 -8.0000 -8.0000 -5.0000 -5.0000 5.0000 .0000 -8.0000 -8.0000 .0000 -5.0000 .0000 .0000 -3.3889 2.2611
-8.0000 -8.0000 5.0000 5.0000 .0000 .0000 -8.0000 -8.0000 .0000 5.0000 .0000 .0000 -8.0000 -8.0000 .0000 .0000 5.0000 .0000 -8.0000 -8.0000 -5.0000 -5.0000 .0000 .0000 -8.0000 -8.0000 -5.0000 -5.0000 .0000 .0000 -8.0000 -8.0000 -8.0000 -5.0000 .0000 .0000 -2.9583 -2.3316
-8.0000 -8.0000 .0000 5.0000 .0000 .0000 -8.0000 -8.0000 .0000 5.0000 5.0000 .0000 -8.0000 -8.0000 5.0000 .0000 .0000 .0000 -8.0000 -8.0000 -5.0000 -5.0000 .0000 .0000 -8.0000 -8.0000 -5.0000 -5.0000 5.0000 .0000 -8.0000 -8.0000 -5.0000 -5.0000 .0000 .0000 -2.9576 -2.1983
.0000 .0000 .0000 5.0000 .0000 .0000 .0000 .0000 .0000 5.0000 .0000 .0000 -8.0000 .0000 .0000 .0000 .0000 .0000 -8.0000 5.0000 -5.0000 -5.0000 .0000 .0000 -8.0000 -8.0000 -5.0000 -5.0000 .0000 .0000 -8.0000 -8.0000 5.0000 -5.0000 .0000 .0000 -2.9585 -2.3409
-8.0000 -8.0000 .0000 5.0000 .0000 .0000 -8.0000 .0000 .0000 5.0000 .0000 .0000 .0000 .0000 .0000 .0000 .0000 .0000 .0000 .0000 -5.0000 -5.0000 .0000 .0000 .0000 .0000 -5.0000 -5.0000 .0000 .0000 .0000 .0000 .0000 -5.0000 .0000 .0000 -3.3030 1.7977
-8.0000 -8.0000 5.0000 5.0000 .0000 .0000 -8.0000 -8.0000 .0000 .0000 .0000 .0000 -8.0000 -8.0000 .0000 .0000 .0000 .0000 -8.0000 -8.0000 -5.0000 -5.0000 .0000 .0000 -8.0000 -8.0000 -5.0000 -5.0000 .0000 .0000 -8.0000 -8.0000 .0000 -5.0000 .0000 .0000 -2.9511 -2.3978
-8.0000 -8.0000 5.0000 5.0000 5.0000 .0000 -8.0000 -8.0000 5.0000 5.0000 .0000 .0000 -8.0000 -8.0000 .0000 .0000 .0000 .0000 -8.0000 -8.0000 -5.0000 -5.0000 .0000 .0000 -8.0000 -8.0000 -5.0000 -5.0000 .0000 .0000 -8.0000 -8.0000 -5.0000 -5.0000 .0000 .0000 -2.9345 -2.4516
-8.0000 -8.0000 5.0000 5.0000 .0000 .0000 -8.0000 -8.0000 .0000 .0000 .0000 .0000 -8.0000 -8.0000 .0000 5.0000 5.0000 .0000 -8.0000 -8.0000 -5.0000 -5.0000 .0000 .0000 -8.0000 -8.0000 -5.0000 -5.0000 .0000 .0000 -8.0000 -8.0000 -5.0000 -5.0000 .0000 .0000 -2.9710 -2.0390
.0000 .0000 5.0000 5.0000 .0000 .0000 -8.0000 .0000 .0000 .0000 .0000 .0000 -8.0000 .0000 .0000 .0000 .0000 .0000 -8.0000 -8.0000 -5.0000 -5.0000 .0000 .0000 -8.0000 -8.0000 -5.0000 -5.0000 5.0000 .0000 -8.0000 -8.0000 -8.0000 -5.0000 -5.0000 .0000 -2.9654 -2.2855
-8.0000 -8.0000 -8.0000 -8.0000 -8.0000 .0000 -8.0000 -8.0000 -8.0000 .0000 .0000 5.0000 -8.0000 -8.0000 .0000 .0000 .0000 .0000 5.0000 .0000 -5.0000 -5.0000 .0000 .0000 5.0000 5.0000 -5.0000 -5.0000 .0000 .0000 5.0000 .0000 -5.0000 -5.0000 .0000 .0000 -2.2112 1.8729
.0000 .0000 .0000 .0000 .0000 5.0000 .0000 .0000 .0000 .0000 .0000 5.0000 5.0000 5.0000 .0000 .0000 .0000 .0000 .0000 .0000 -5.0000 -5.0000 .0000 .0000 .0000 .0000 -5.0000 .0000 .0000 .0000 .0000 .0000 -5.0000 .0000 .0000 .0000 -2.8231 -3.0371
.0000 -8.0000 -8.0000 -8.0000 -8.0000 -8.0000 5.0000 5.0000 -8.0000 -8.0000 -8.0000 -8.0000 .0000 .0000 .0000 .0000 -8.0000 -8.0000 -5.0000 .0000 -5.0000 -5.0000 .0000 .0000 -5.0000 -5.0000 -5.0000 .0000 .0000 .0000 .0000 .0000 .0000 .0000 .0000 .0000 -1.5779 -4.1284
.0000 .0000 -8.0000 -8.0000 -8.0000 -8.0000 .0000 5.0000 5.0000 -8.0000 -8.0000 -8.0000 .0000 .0000 .0000 -8.0000 -8.0000 -8.0000 -5.0000 .0000 -5.0000 -5.0000 -8.0000 -8.0000 -5.0000 -5.0000 -5.0000 .0000 -8.0000 -8.0000 .0000 .0000 .0000 .0000 -8.0000 -8.0000 2.7709 -3.5843
.0000 .0000 5.0000 5.0000 5.0000 .0000 -5.0000 -5.0000 .0000 .0000 .0000 .0000 -5.0000 -5.0000 .0000 .0000 .0000 -8.0000 -5.0000 .0000 -5.0000 -5.0000 .0000 -8.0000 -5.0000 -5.0000 -5.0000 .0000 .0000 -8.0000 .0000 .0000 .0000 .0000 .0000 -8.0000 -1.9096 .1457
.0000 5.0000 5.0000 -8.0000 -8.0000 -8.0000 -5.0000 -5.0000 .0000 .0000 -8.0000 -8.0000 -5.0000 -5.0000 .0000 .0000 .0000 .0000 -5.0000 .0000 -5.0000 -5.0000 .0000 .0000 -5.0000 -5.0000 -5.0000 .0000 .0000 5.0000 .0000 .0000 .0000 .0000 .0000 .0000 -1.8564 -3.3915
.0000 .0000 5.0000 -8.0000 -8.0000 -8.0000 -5.0000 -5.0000 5.0000 5.0000 -8.0000 -8.0000 -5.0000 -5.0000 .0000 .0000 .0000 -8.0000 -5.0000 .0000 -5.0000 -5.0000 .0000 .0000 -5.0000 -5.0000 -5.0000 .0000 .0000 .0000 .0000 .0000 .0000 .0000 .0000 5.0000 -2.5962 -2.6645
.0000 .0000 -5.0000 -5.0000 .0000 .0000 .0000 -5.0000 -5.0000 -5.0000 -5.0000 .0000 -5.0000 -5.0000 .0000 -5.0000 -5.0000 .0000 .0000 -5.0000 -5.0000 -5.0000 .0000 -8.0000 .0000 .0000 -5.0000 -8.0000 -8.0000 -8.0000 .0000 -8.0000 -8.0000 -8.0000 -8.0000 -8.0000 .1874 -2.7730
.0000 .0000 .0000 5.0000 .0000 .0000 .0000 .0000 .0000 5.0000 .0000 .0000 .0000 .0000 .0000 .0000 .0000 .0000 .0000 .0000 -5.0000 -5.0000 .0000 .0000 .0000 5.0000 .0000 -5.0000 .0000 .0000 .0000 5.0000 .0000 -5.0000 -5.0000 .0000 -2.7082 2.8131
5.0000 .0000 5.0000 5.0000 .0000 .0000 .0000 .0000 .0000 5.0000 .0000 .0000 .0000 .0000 .0000 .0000 .0000 .0000 .0000 .0000 -5.0000 -5.0000 .0000 .0000 .0000 .0000 -5.0000 -5.0000 .0000 .0000 .0000 .0000 .0000 -5.0000 .0000 .0000 -3.2468 2.1300
-8.0000 5.0000 5.0000 5.0000 .0000 .0000 -8.0000 .0000 .0000 .0000 .0000 .0000 5.0000 .0000 5.0000 .0000 .0000 .0000 5.0000 .0000 -5.0000 -5.0000 .0000 .0000 .0000 .0000 -5.0000 -5.0000 .0000 .0000 .0000 .0000 -5.0000 -5.0000 .0000 .0000 -3.3502 2.1846
.0000 .0000 5.0000 5.0000 .0000 .0000 .0000 .0000 5.0000 .0000 .0000 .0000 .0000 .0000 .0000 .0000 .0000 .0000 5.0000 5.0000 -5.0000 -5.0000 .0000 .0000 .0000 .0000 .0000 -5.0000 .0000 .0000 .0000 .0000 .0000 -5.0000 -5.0000 .0000 -3.1115 -2.7197
.0000 .0000 5.0000 .0000 .0000 5.0000 .0000 .0000 5.0000 .0000 .0000 .0000 .0000 .0000 .0000 .0000 .0000 .0000 .0000 .0000 -5.0000 -5.0000 .0000 .0000 .0000 .0000 -5.0000 -5.0000 .0000 .0000 .0000 5.0000 -5.0000 -5.0000 .0000 .0000 -3.3076 -3.8658
.0000 .0000 .0000 5.0000 5.0000 5.0000 .0000 .0000 .0000 .0000 .0000 .0000 .0000 .0000 .0000 .0000 .0000 .0000 .0000 .0000 -5.0000 -5.0000 .0000 .0000 .0000 .0000 -5.0000 -5.0000 .0000 .0000 .0000 .0000 .0000 -5.0000 -5.0000 -5.0000 -3.2666 2.6031
.0000 .0000 .0000 5.0000 .0000 .0000 .0000 .0000 5.0000 5.0000 .0000 .0000 .0000 .0000 .0000 .0000 .0000 .0000 .0000 .0000 -5.0000 -5.0000 .0000 .0000 .0000 .0000 -5.0000 -5.0000 .0000 .0000 .0000 .0000 .0000 -5.0000 -5.0000 .0000 -2.8198 .2574
.0000 .0000 .0000 5.0000 .0000 .0000 .0000 .0000 .0000 5.0000 .0000 .0000 .0000 5.0000 5.0000 .0000 .0000 .0000 .0000 5.0000 -5.0000 -5.0000 5.0000 .0000 .0000 .0000 .0000 -5.0000 5.0000 .0000 .0000 .0000 .0000 -5.0000 -5.0000 -5.0000 -3.2619 2.8491
.0000 5.0000 5.0000 .0000 .0000 .0000 5.0000 .0000 5.0000 .0000 .0000 .0000 5.0000 5.0000 .0000 .0000 .0000 .0000 .0000 .0000 -5.0000 -5.0000 .0000 .0000 .0000 .0000 -5.0000 -5.0000 .0000 .0000 .0000 .0000 -5.0000 -5.0000 .0000 .0000 -2.9463 -4.1705
.0000 5.0000 5.0000 5.0000 .0000 .0000 .0000 .0000 .0000 .0000 .0000 .0000 .0000 .0000 .0000 .0000 .0000 .0000 .0000 5.0000 -5.0000 -5.0000 .0000 .0000 .0000 .0000 .0000 -5.0000 .0000 .0000 5.0000 5.0000 .0000 -5.0000 .0000 .0000 -3.3709 -3.7938
-8.0000 .0000 .0000 5.0000 .0000 .0000 .0000 .0000 .0000 5.0000 .0000 .0000 .0000 5.0000 .0000 .0000 .0000 .0000 .0000 .0000 -5.0000 -5.0000 5.0000 5.0000 .0000 .0000 .0000 -5.0000 .0000 .0000 .0000 .0000 .0000 -5.0000 .0000 .0000 -3.1028 2.7485
-8.0000 -8.0000 5.0000 5.0000 .0000 .0000 -8.0000 -8.0000 .0000 5.0000 .0000 .0000 -8.0000 -8.0000 .0000 .0000 .0000 .0000 -8.0000 -8.0000 -5.0000 -5.0000 .0000 .0000 -8.0000 -8.0000 .0000 -5.0000 -5.0000 .0000 -8.0000 -8.0000 -8.0000 -5.0000 -5.0000 -5.0000 -2.2810 -1.5150
.0000 .0000 5.0000 5.0000 .0000 .0000 .0000 .0000 5.0000 5.0000 .0000 .0000 .0000 .0000 .0000 .0000 5.0000 .0000 .0000 .0000 -5.0000 -5.0000 5.0000 .0000 .0000 .0000 .0000 -5.0000 -5.0000 -5.0000 .0000 .0000 .0000 .0000 -5.0000 -5.0000 -2.0425 .8823
.0000 -8.0000 -8.0000 -8.0000 -8.0000 -8.0000 .0000 .0000 -8.0000 -8.0000 -8.0000 -8.0000 .0000 .0000 .0000 -8.0000 -8.0000 -8.0000 .0000 .0000 -5.0000 -5.0000 .0000 -8.0000 .0000 .0000 -5.0000 -5.0000 .0000 .0000 .0000 .0000 -5.0000 -5.0000 .0000 .0000 .1874 -4.1293
.0000 .0000 5.0000 -8.0000 -8.0000 -8.0000 .0000 .0000 5.0000 5.0000 5.0000 -8.0000 .0000 .0000 .0000 .0000 .0000 .0000 5.0000 .0000 -5.0000 -5.0000 .0000 .0000 .0000 .0000 -5.0000 -5.0000 .0000 .0000 .0000 .0000 .0000 -5.0000 .0000 .0000 -.0644 -3.7857
.0000 .0000 5.0000 .0000 -8.0000 -8.0000 .0000 .0000 5.0000 .0000 -8.0000 -8.0000 .0000 .0000 .0000 .0000 -8.0000 -8.0000 5.0000 5.0000 -5.0000 -8.0000 -8.0000 -8.0000 .0000 .0000 -5.0000 -8.0000 -8.0000 -8.0000 .0000 .0000 -5.0000 -8.0000 -8.0000 -8.0000 -2.8279 -3.3340
.0000 .0000 5.0000 -8.0000 -8.0000 -8.0000 5.0000 5.0000 5.0000 .0000 -8.0000 -8.0000 5.0000 5.0000 .0000 .0000 .0000 -8.0000 .0000 .0000 -5.0000 -5.0000 .0000 5.0000 .0000 .0000 -5.0000 -5.0000 .0000 -8.0000 .0000 .0000 -5.0000 -5.0000 .0000 -8.0000 -1.2767 -4.3027
.0000 .0000 -8.0000 -8.0000 -8.0000 -8.0000 .0000 .0000 .0000 -8.0000 -8.0000 -8.0000 5.0000 5.0000 5.0000 -8.0000 -8.0000 -8.0000 5.0000 5.0000 -5.0000 -5.0000 -8.0000 -8.0000 .0000 .0000 -5.0000 -5.0000 .0000 -8.0000 .0000 .0000 -5.0000 .0000 5.0000 5.0000 4.1964 -4.4660
.0000 .0000 .0000 .0000 .0000 .0000 .0000 5.0000 .0000 5.0000 5.0000 .0000 .0000 5.0000 .0000 .0000 5.0000 .0000 .0000 .0000 -5.0000 -5.0000 .0000 .0000 .0000 .0000 -5.0000 -5.0000 .0000 .0000 .0000 .0000 .0000 -5.0000 .0000 .0000 -3.0746 2.2176
5.0000 .0000 5.0000 .0000 .0000 .0000 5.0000 5.0000 5.0000 5.0000 .0000 .0000 .0000 5.0000 5.0000 .0000 .0000 .0000 .0000 .0000 -5.0000 -5.0000 .0000 .0000 .0000 .0000 -5.0000 -5.0000 .0000 .0000 .0000 .0000 -5.0000 -5.0000 .0000 .0000 -3.4587 -.2277
.0000 .0000 5.0000 5.0000 .0000 5.0000 .0000 .0000 .0000 .0000 .0000 5.0000 .0000 .0000 .0000 .0000 .0000 .0000 .0000 .0000 -5.0000 -5.0000 .0000 .0000 .0000 .0000 .0000 -5.0000 -5.0000 .0000 .0000 5.0000 5.0000 5.0000 -5.0000 -5.0000 -1.9168 -.3399
.0000 .0000 .0000 .0000 5.0000 .0000 .0000 .0000 .0000 .0000 5.0000 .0000 .0000 .0000 .0000 .0000 .0000 .0000 .0000 .0000 -5.0000 -5.0000 .0000 .0000 .0000 .0000 .0000 -5.0000 -5.0000 -5.0000 .0000 .0000 .0000 .0000 -5.0000 -5.0000 -.3003 2.4212
-8.0000 -8.0000 -8.0000 -8.0000 -8.0000 -8.0000 -8.0000 -8.0000 -8.0000 -8.0000 -8.0000 .0000 -8.0000 5.0000 5.0000 .0000 .0000 .0000 -8.0000 .0000 -5.0000 -5.0000 .0000 .0000 -8.0000 -8.0000 -5.0000 -5.0000 .0000 .0000 -8.0000 -8.0000 -5.0000 -5.0000 .0000 .0000 -.1999 .2996
.0000 .0000 5.0000 5.0000 5.0000 5.0000 -8.0000 .0000 .0000 .0000 .0000 .0000 -8.0000 .0000 .0000 .0000 .0000 .0000 -8.0000 .0000 -5.0000 -5.0000 .0000 .0000 -8.0000 .0000 -5.0000 -5.0000 .0000 .0000 -8.0000 -8.0000 -5.0000 -5.0000 .0000 .0000 -2.9309 -2.6361
.0000 5.0000 5.0000 5.0000 .0000 .0000 .0000 .0000 5.0000 .0000 .0000 .0000 .0000 .0000 5.0000 .0000 5.0000 5.0000 -8.0000 .0000 -5.0000 -5.0000 .0000 .0000 -8.0000 .0000 -5.0000 -5.0000 .0000 .0000 -8.0000 .0000 -5.0000 -5.0000 .0000 .0000 -.0822 -1.0814
.0000 .0000 .0000 5.0000 5.0000 .0000 .0000 .0000 .0000 .0000 .0000 .0000 .0000 .0000 .0000 .0000 .0000 .0000 .0000 .0000 -5.0000 -5.0000 .0000 .0000 .0000 .0000 .0000 -5.0000 .0000 .0000 5.0000 .0000 .0000 -5.0000 -5.0000 .0000 -3.3083 2.6024
-8.0000 -8.0000 -8.0000 5.0000 .0000 .0000 -8.0000 -8.0000 -8.0000 .0000 .0000 .0000 -8.0000 -8.0000 -8.0000 .0000 .0000 .0000 -8.0000 -8.0000 -8.0000 -5.0000 .0000 .0000 -8.0000 -8.0000 -8.0000 -5.0000 .0000 .0000 -8.0000 -8.0000 -8.0000 -5.0000 .0000 .0000 -2.2571 -.3826
-8.0000 -8.0000 5.0000 5.0000 .0000 5.0000 -8.0000 -8.0000 5.0000 5.0000 .0000 5.0000 -8.0000 -8.0000 -8.0000 .0000 .0000 .0000 -8.0000 -8.0000 -8.0000 -5.0000 .0000 .0000 -8.0000 -8.0000 -8.0000 -5.0000 .0000 .0000 -8.0000 -8.0000 -8.0000 -5.0000 .0000 .0000 -2.8692 -2.5244
.0000 .0000 .0000 5.0000 .0000 .0000 -8.0000 .0000 .0000 5.0000 .0000 .0000 -8.0000 -8.0000 .0000 .0000 .0000 .0000 -8.0000 -8.0000 -8.0000 -5.0000 .0000 .0000 -8.0000 -8.0000 -8.0000 -5.0000 .0000 .0000 -8.0000 -8.0000 -8.0000 -8.0000 .0000 .0000 -2.8569 -1.8714
-8.0000 -8.0000 -8.0000 -8.0000 -8.0000 -8.0000 -8.0000 .0000 .0000 .0000 -8.0000 -8.0000 -8.0000 .0000 .0000 .0000 .0000 .0000 5.0000 .0000 -5.0000 -5.0000 .0000 .0000 .0000 .0000 -5.0000 -5.0000 .0000 5.0000 .0000 .0000 -5.0000 .0000 .0000 .0000 -1.3992 3.1191
.0000 -8.0000 -8.0000 -8.0000 -8.0000 -8.0000 .0000 5.0000 5.0000 5.0000 -8.0000 -8.0000 5.0000 5.0000 .0000 5.0000 .0000 5.0000 .0000 5.0000 -5.0000 -5.0000 .0000 .0000 .0000 .0000 -5.0000 -5.0000 .0000 .0000 .0000 .0000 -5.0000 -5.0000 .0000 .0000 .6887 -1.2508
.0000 -8.0000 -8.0000 -8.0000 -8.0000 -8.0000 .0000 .0000 -8.0000 -8.0000 -8.0000 -8.0000 .0000 .0000 5.0000 5.0000 -8.0000 -8.0000 5.0000 5.0000 -5.0000 -5.0000 5.0000 -8.0000 .0000 .0000 -5.0000 -5.0000 .0000 5.0000 .0000 .0000 -5.0000 .0000 .0000 .0000 -.3743 4.1964
.0000 .0000 5.0000 .0000 .0000 .0000 .0000 .0000 5.0000 .0000 .0000 .0000 5.0000 .0000 .0000 .0000 .0000 .0000 5.0000 .0000 -5.0000 -5.0000 .0000 .0000 .0000 .0000 -5.0000 -5.0000 .0000 .0000 .0000 .0000 .0000 -5.0000 -5.0000 .0000 .9807 -2.5963
-8.0000 -8.0000 -8.0000 -8.0000 -8.0000 -8.0000 -8.0000 .0000 .0000 -8.0000 -8.0000 -8.0000 -8.0000 5.0000 .0000 .0000 5.0000 5.0000 .0000 .0000 -5.0000 -5.0000 .0000 .0000 .0000 .0000 -5.0000 -5.0000 .0000 .0000 .0000 .0000 -5.0000 -5.0000 .0000 .0000 1.1064 -.2498
-8.0000 -8.0000 -8.0000 -8.0000 -8.0000 -8.0000 -8.0000 .0000 .0000 .0000 5.0000 5.0000 -8.0000 5.0000 .0000 .0000 .0000 .0000 -8.0000 .0000 -5.0000 -5.0000 .0000 .0000 -8.0000 .0000 .0000 -5.0000 .0000 .0000 -8.0000 .0000 .0000 -5.0000 .0000 .0000 .7444 -1.6262
.0000 .0000 5.0000 5.0000 .0000 -8.0000 .0000 .0000 .0000 5.0000 5.0000 -8.0000 .0000 .0000 .0000 .0000 .0000 .0000 5.0000 5.0000 -5.0000 -5.0000 .0000 .0000 5.0000 5.0000 -5.0000 -5.0000 .0000 .0000 .0000 .0000 .0000 -5.0000 .0000 .0000 -.7790 1.2839
.0000 .0000 5.0000 .0000 -8.0000 -8.0000 .0000 .0000 5.0000 .0000 .0000 -8.0000 .0000 .0000 .0000 5.0000 .0000 -8.0000 .0000 .0000 -5.0000 -5.0000 5.0000 -8.0000 .0000 .0000 -5.0000 -5.0000 .0000 -8.0000 5.0000 5.0000 -5.0000 .0000 .0000 .0000 .3199 -4.1779
5.0000 5.0000 5.0000 5.0000 5.0000 .0000 5.0000 .0000 5.0000 5.0000 5.0000 .0000 .0000 .0000 .0000 .0000 .0000 .0000 5.0000 .0000 -5.0000 -5.0000 5.0000 .0000 .0000 .0000 -5.0000 -5.0000 5.0000 .0000 .0000 .0000 -5.0000 .0000 .0000 -8.0000 -2.3377 -3.2346
.0000 .0000 5.0000 -8.0000 -8.0000 -8.0000 .0000 .0000 5.0000 .0000 .0000 -8.0000 .0000 .0000 .0000 .0000 .0000 .0000 .0000 .0000 -5.0000 -5.0000 .0000 .0000 .0000 .0000 -5.0000 .0000 .0000 .0000 .0000 -5.0000 -5.0000 .0000 .0000 .0000 .4038 -4.4291
.0000 .0000 5.0000 .0000 -8.0000 -8.0000 .0000 .0000 5.0000 .0000 -8.0000 -8.0000 .0000 .0000 .0000 .0000 -8.0000 -8.0000 .0000 .0000 -5.0000 -5.0000 -8.0000 -8.0000 .0000 .0000 -5.0000 -5.0000 -8.0000 -8.0000 .0000 .0000 -5.0000 -5.0000 -8.0000 -8.0000 -3.1204 -3.0594
5.0000 .0000 5.0000 5.0000 .0000 5.0000 5.0000 .0000 .0000 .0000 .0000 .0000 .0000 .0000 .0000 .0000 .0000 .0000 5.0000 .0000 -5.0000 -5.0000 .0000 .0000 5.0000 .0000 .0000 -5.0000 .0000 .0000 .0000 .0000 .0000 -5.0000 -5.0000 .0000 -3.2090 -3.0422
.0000 5.0000 5.0000 5.0000 5.0000 -8.0000 .0000 .0000 .0000 5.0000 .0000 -8.0000 5.0000 5.0000 .0000 .0000 .0000 -8.0000 5.0000 5.0000 -5.0000 -5.0000 .0000 -8.0000 .0000 .0000 -5.0000 -5.0000 .0000 -8.0000 .0000 -5.0000 -5.0000 .0000 .0000 -8.0000 .7649 -2.3174
5.0000 5.0000 5.0000 .0000 5.0000 -8.0000 .0000 .0000 5.0000 5.0000 5.0000 -8.0000 5.0000 .0000 .0000 .0000 .0000 -8.0000 5.0000 5.0000 -5.0000 -5.0000 .0000 -8.0000 .0000 .0000 -5.0000 -5.0000 .0000 -8.0000 .0000 -5.0000 -5.0000 .0000 .0000 -8.0000 .7649 -2.3174
.0000 5.0000 5.0000 .0000 .0000 .0000 .0000 .0000 5.0000 .0000 .0000 5.0000 5.0000 .0000 5.0000 5.0000 5.0000 5.0000 5.0000 5.0000 -5.0000 -5.0000 5.0000 -8.0000 5.0000 5.0000 -5.0000 .0000 .0000 -8.0000 .0000 -5.0000 -5.0000 .0000 -8.0000 -8.0000 1.7358 -1.2351
5.0000 5.0000 5.0000 .0000 .0000 .0000 .0000 5.0000 5.0000 .0000 .0000 .0000 .0000 .0000 .0000 .0000 .0000 .0000 .0000 .0000 -5.0000 -5.0000 .0000 .0000 .0000 -5.0000 -5.0000 .0000 .0000 5.0000 -5.0000 -5.0000 .0000 .0000 .0000 .0000 -1.3778 -3.4424
.0000 .0000 5.0000 .0000 .0000 .0000 .0000 .0000 5.0000 .0000 .0000 .0000 .0000 5.0000 .0000 .0000 .0000 .0000 5.0000 5.0000 -5.0000 -5.0000 .0000 .0000 5.0000 -5.0000 -5.0000 .0000 .0000 .0000 -5.0000 -5.0000 .0000 .0000 .0000 5.0000 .8724 -2.6483
.0000 .0000 .0000 .0000 .0000 .0000 5.0000 5.0000 .0000 .0000 .0000 5.0000 .0000 5.0000 .0000 .0000 .0000 .0000 .0000 .0000 -5.0000 -5.0000 .0000 .0000 .0000 .0000 -5.0000 -5.0000 .0000 .0000 .0000 .0000 -5.0000 -5.0000 .0000 .0000 .5475 -2.2529
.0000 .0000 .0000 .0000 .0000 .0000 .0000 .0000 .0000 .0000 .0000 5.0000 .0000 .0000 .0000 .0000 -5.0000 -2.5000 .0000 .0000 -5.0000 -5.0000 -5.0000 .0000 .0000 .0000 .0000 -5.0000 -2.5000 .0000 .0000 .0000 .0000 .0000 .0000 .0000 1.4532 -.6183
.0000 5.0000 5.0000 .0000 5.0000 5.0000 .0000 .0000 5.0000 .0000 .0000 .0000 .0000 .0000 .0000 .0000 .0000 .0000 .0000 5.0000 -5.0000 -5.0000 .0000 .0000 .0000 .0000 -5.0000 -5.0000 .0000 .0000 .0000 -5.0000 -5.0000 .0000 .0000 .0000 -2.6677 -3.6624
-8.0000 -8.0000 -8.0000 -8.0000 -8.0000 -8.0000 .0000 5.0000 5.0000 .0000 -8.0000 -8.0000 .0000 .0000 .0000 .0000 -8.0000 -8.0000 .0000 .0000 -5.0000 -5.0000 -8.0000 -8.0000 .0000 .0000 -5.0000 -5.0000 -8.0000 -8.0000 -5.0000 -5.0000 -5.0000 .0000 -8.0000 -8.0000 .9784 -3.1534
.0000 -8.0000 -8.0000 -8.0000 -8.0000 -8.0000 .0000 .0000 5.0000 -8.0000 -8.0000 -8.0000 .0000 .0000 .0000 .0000 .0000 -8.0000 .0000 .0000 -5.0000 -5.0000 -8.0000 -8.0000 -5.0000 -5.0000 -5.0000 .0000 -8.0000 -8.0000 -5.0000 -5.0000 5.0000 -8.0000 -8.0000 -8.0000 3.9090 -3.0612
5.0000 5.0000 -8.0000 -8.0000 -8.0000 -8.0000 .0000 .0000 5.0000 -8.0000 -8.0000 -8.0000 .0000 5.0000 5.0000 .0000 -8.0000 -8.0000 .0000 .0000 -5.0000 -5.0000 -8.0000 -8.0000 .0000 .0000 -5.0000 -5.0000 .0000 -8.0000 .0000 .0000 -5.0000 -5.0000 .0000 .0000 4.7702 -3.6413
-8.0000 -8.0000 -8.0000 -8.0000 .0000 .0000 -8.0000 -8.0000 5.0000 .0000 .0000 .0000 .0000 .0000 .0000 .0000 .0000 5.0000 .0000 .0000 -5.0000 -5.0000 .0000 5.0000 .0000 .0000 -5.0000 -5.0000 .0000 .0000 .0000 .0000 -5.0000 -5.0000 .0000 .0000 2.2974 -1.7632
-8.0000 -8.0000 -8.0000 -8.0000 -8.0000 5.0000 -8.0000 -8.0000 -8.0000 -8.0000 .0000 5.0000 -8.0000 -8.0000 5.0000 .0000 .0000 .0000 -8.0000 .0000 -5.0000 -5.0000 .0000 5.0000 .0000 .0000 -5.0000 -5.0000 .0000 .0000 .0000 .0000 .0000 -5.0000 .0000 .0000 -1.5701 .3743
-8.0000 .0000 5.0000 5.0000 .0000 .0000 5.0000 .0000 .0000 .0000 .0000 .0000 .0000 5.0000 .0000 .0000 .0000 .0000 .0000 5.0000 -5.0000 -5.0000 .0000 .0000 .0000 .0000 -5.0000 -5.0000 .0000 .0000 .0000 .0000 -5.0000 -5.0000 .0000 .0000 .3511 -1.6401
.0000 .0000 5.0000 5.0000 .0000 .0000 .0000 .0000 .0000 .0000 .0000 .0000 5.0000 .0000 .0000 .0000 .0000 .0000 .0000 .0000 -5.0000 -5.0000 .0000 .0000 .0000 .0000 .0000 -5.0000 .0000 .0000 -8.0000 .0000 5.0000 -5.0000 -5.0000 .0000 -2.2322 .2800
.0000 .0000 .0000 .0000 .0000 .0000 .0000 5.0000 5.0000 .0000 .0000 .0000 .0000 .0000 .0000 .0000 .0000 .0000 .0000 .0000 -5.0000 -5.0000 .0000 .0000 .0000 .0000 -5.0000 .0000 5.0000 5.0000 5.0000 -5.0000 -5.0000 .0000 .0000 5.0000 .3714 -1.3957
-8.0000 -8.0000 -8.0000 -8.0000 -8.0000 -8.0000 -8.0000 -8.0000 -8.0000 -8.0000 .0000 .0000 5.0000 5.0000 .0000 .0000 .0000 .0000 5.0000 5.0000 -5.0000 -5.0000 .0000 .0000 .0000 5.0000 -5.0000 -5.0000 .0000 .0000 5.0000 5.0000 -5.0000 -5.0000 .0000 .0000 -.5830 3.7026
-8.0000 -8.0000 -8.0000 5.0000 .0000 .0000 -8.0000 -8.0000 .0000 5.0000 .0000 .0000 -8.0000 .0000 .0000 .0000 .0000 .0000 .0000 .0000 -5.0000 -5.0000 .0000 .0000 .0000 .0000 .0000 -5.0000 -5.0000 .0000 .0000 .0000 .0000 .0000 -5.0000 .0000 -2.6357 2.3283
-8.0000 .0000 5.0000 5.0000 .0000 .0000 -8.0000 .0000 .0000 .0000 .0000 5.0000 -8.0000 .0000 .0000 .0000 .0000 .0000 -8.0000 -8.0000 -5.0000 -5.0000 .0000 .0000 -8.0000 -8.0000 -5.0000 -5.0000 .0000 .0000 -8.0000 -8.0000 -8.0000 -5.0000 .0000 .0000 -3.2570 -2.9131
.0000 .0000 5.0000 5.0000 .0000 .0000 .0000 .0000 5.0000 5.0000 .0000 .0000 -8.0000 .0000 5.0000 5.0000 .0000 .0000 -8.0000 .0000 -5.0000 -5.0000 .0000 5.0000 -8.0000 -8.0000 -5.0000 -5.0000 .0000 .0000 -8.0000 -8.0000 -5.0000 -5.0000 .0000 .0000 -3.2117 -2.9730
-8.0000 -8.0000 5.0000 -8.0000 -8.0000 -8.0000 -8.0000 5.0000 5.0000 .0000 -8.0000 -8.0000 5.0000 .0000 .0000 .0000 .0000 -8.0000 .0000 .0000 -5.0000 -5.0000 .0000 .0000 .0000 -5.0000 -5.0000 .0000 .0000 .0000 -5.0000 -5.0000 -5.0000 .0000 .0000 .0000 -3.2343 -3.1869
.0000 .0000 -8.0000 -8.0000 -8.0000 -8.0000 .0000 .0000 5.0000 -8.0000 -8.0000 -8.0000 .0000 .0000 .0000 -8.0000 -8.0000 -8.0000 -5.0000 -5.0000 -5.0000 -5.0000 -8.0000 -8.0000 -5.0000 -5.0000 -5.0000 -8.0000 -8.0000 -8.0000 .0000 .0000 -8.0000 -8.0000 -8.0000 -8.0000 4.3245 -3.5195
.0000 5.0000 .0000 .0000 .0000 .0000 .0000 5.0000 5.0000 .0000 .0000 .0000 .0000 .0000 .0000 .0000 .0000 .0000 .0000 .0000 -5.0000 -5.0000 .0000 .0000 .0000 .0000 -5.0000 -5.0000 .0000 .0000 -5.0000 -5.0000 -5.0000 .0000 .0000 .0000 2.4483 -2.2613
.0000 5.0000 5.0000 5.0000 5.0000 -8.0000 5.0000 5.0000 5.0000 .0000 5.0000 -8.0000 .0000 .0000 .0000 .0000 .0000 -8.0000 .0000 .0000 -5.0000 -5.0000 .0000 -8.0000 .0000 .0000 -5.0000 -5.0000 .0000 -8.0000 -5.0000 -5.0000 -5.0000 .0000 .0000 -8.0000 -3.3493 -2.9102
5.0000 5.0000 5.0000 5.0000 .0000 -8.0000 5.0000 5.0000 5.0000 5.0000 5.0000 -8.0000 .0000 .0000 .0000 .0000 .0000 -8.0000 .0000 .0000 -5.0000 -5.0000 .0000 -8.0000 .0000 .0000 -5.0000 -5.0000 .0000 -8.0000 .0000 -5.0000 -5.0000 .0000 .0000 -8.0000 -3.3605 -2.7020
-8.0000 -8.0000 -8.0000 -8.0000 -8.0000 -8.0000 .0000 5.0000 5.0000 5.0000 5.0000 -8.0000 .0000 5.0000 5.0000 5.0000 5.0000 -8.0000 .0000 .0000 -5.0000 -5.0000 .0000 -8.0000 .0000 .0000 -5.0000 -5.0000 .0000 -8.0000 .0000 .0000 -5.0000 .0000 .0000 -8.0000 2.3246 -1.2101
-8.0000 -8.0000 -8.0000 -8.0000 -8.0000 -8.0000 .0000 5.0000 -8.0000 -8.0000 -8.0000 -8.0000 .0000 5.0000 .0000 5.0000 .0000 -8.0000 .0000 .0000 -5.0000 -5.0000 5.0000 -8.0000 .0000 .0000 -5.0000 .0000 -8.0000 -8.0000 .0000 -5.0000 -5.0000 .0000 -8.0000 -8.0000 .5371 -.5128
5.0000 -8.0000 -8.0000 -8.0000 -8.0000 -8.0000 .0000 5.0000 -8.0000 -8.0000 -8.0000 -8.0000 .0000 5.0000 .0000 5.0000 -8.0000 -8.0000 .0000 .0000 -5.0000 -5.0000 .0000 -8.0000 .0000 -5.0000 -5.0000 5.0000 -8.0000 -8.0000 -5.0000 -5.0000 -5.0000 .0000 -8.0000 -8.0000 -.5044 1.0409
.0000 5.0000 5.0000 .0000 .0000 .0000 .0000 5.0000 .0000 .0000 .0000 .0000 .0000 .0000 .0000 .0000 .0000 .0000 5.0000 .0000 -5.0000 -5.0000 .0000 .0000 5.0000 .0000 -5.0000 -5.0000 .0000 .0000 5.0000 .0000 -5.0000 .0000 .0000 .0000 -3.1159 -2.2930
-8.0000 -8.0000 -8.0000 5.0000 .0000 .0000 -8.0000 -8.0000 .0000 .0000 .0000 .0000 -8.0000 .0000 .0000 .0000 .0000 .0000 -8.0000 5.0000 -5.0000 -5.0000 .0000 .0000 .0000 .0000 -5.0000 -5.0000 .0000 .0000 .0000 .0000 .0000 -5.0000 .0000 .0000 -1.9359 -.3450
-8.0000 -8.0000 -8.0000 -8.0000 -8.0000 -8.0000 -8.0000 -8.0000 -8.0000 .0000 .0000 -8.0000 -8.0000 -8.0000 5.0000 5.0000 .0000 .0000 -8.0000 -8.0000 -5.0000 -5.0000 .0000 .0000 -8.0000 -8.0000 .0000 -5.0000 .0000 .0000 -8.0000 5.0000 5.0000 -5.0000 .0000 .0000 -.8662 .8358
5.0000 .0000 -8.0000 -8.0000 -8.0000 -8.0000 .0000 .0000 .0000 -8.0000 -8.0000 -8.0000 .0000 .0000 .0000 .0000 -8.0000 -8.0000 .0000 .0000 -5.0000 -5.0000 .0000 -8.0000 .0000 .0000 -5.0000 .0000 .0000 5.0000 .0000 .0000 -5.0000 .0000 .0000 .0000 .8358 -3.6413
.0000 .0000 5.0000 5.0000 -8.0000 -8.0000 .0000 .0000 .0000 .0000 -8.0000 -8.0000 .0000 .0000 .0000 .0000 -8.0000 -8.0000 .0000 .0000 -5.0000 -5.0000 -8.0000 -8.0000 5.0000 5.0000 -5.0000 -5.0000 -8.0000 -8.0000 .0000 .0000 .0000 -5.0000 -8.0000 -8.0000 -3.0984 -2.1110
.0000 .0000 5.0000 5.0000 -8.0000 -8.0000 .0000 .0000 .0000 .0000 5.0000 -8.0000 .0000 .0000 .0000 .0000 .0000 .0000 .0000 .0000 -5.0000 -5.0000 .0000 .0000 .0000 .0000 -5.0000 -5.0000 .0000 .0000 .0000 .0000 -5.0000 -5.0000 .0000 .0000 -2.1574 -1.8364
.0000 .0000 -8.0000 -8.0000 -8.0000 -8.0000 .0000 5.0000 5.0000 -8.0000 -8.0000 -8.0000 .0000 .0000 .0000 .0000 -8.0000 -8.0000 .0000 .0000 -5.0000 -5.0000 5.0000 -8.0000 .0000 .0000 -5.0000 -5.0000 5.0000 -8.0000 .0000 .0000 -5.0000 -5.0000 .0000 .0000 2.3351 -3.6413
-8.0000 -8.0000 -8.0000 -8.0000 -8.0000 -8.0000 -8.0000 -8.0000 -8.0000 -8.0000 -8.0000 -8.0000 .0000 .0000 .0000 -8.0000 -8.0000 -8.0000 .0000 .0000 -5.0000 -8.0000 -8.0000 -8.0000 .0000 .0000 -5.0000 -8.0000 -8.0000 -8.0000 .0000 .0000 -5.0000 -8.0000 -8.0000 -8.0000 2.1095 -4.1293
-8.0000 -8.0000 -8.0000 -8.0000 .0000 .0000 -8.0000 -8.0000 -8.0000 .0000 .0000 .0000 -8.0000 -8.0000 -8.0000 .0000 5.0000 5.0000 -8.0000 -8.0000 -5.0000 -5.0000 .0000 .0000 -8.0000 .0000 -5.0000 -5.0000 .0000 .0000 .0000 .0000 -5.0000 -5.0000 .0000 .0000 -2.9413 4.1093
.0000 5.0000 -1.5000 -8.0000 -8.0000 -8.0000 .0000 5.0000 5.0000 -8.0000 -8.0000 -8.0000 .0000 .0000 .0000 .0000 -8.0000 -8.0000 .0000 .0000 -5.0000 -5.0000 5.0000 -8.0000 .0000 .0000 -5.0000 -5.0000 .0000 .0000 .0000 .0000 -5.0000 -5.0000 .0000 .0000 3.3105 -3.5151
-8.0000 -8.0000 -8.0000 -8.0000 -8.0000 .0000 -8.0000 -8.0000 -8.0000 .0000 .0000 .0000 .0000 .0000 .0000 .0000 .0000 .0000 .0000 .0000 -5.0000 -5.0000 .0000 .0000 .0000 .0000 -5.0000 .0000 .0000 .0000 .0000 .0000 -5.0000 .0000 .0000 5.0000 -2.4077 .5601
.0000 .0000 .0000 .0000 5.0000 5.0000 .0000 5.0000 5.0000 5.0000 5.0000 .0000 5.0000 5.0000 .0000 .0000 .0000 .0000 5.0000 5.0000 -5.0000 -5.0000 5.0000 .0000 .0000 .0000 -5.0000 -5.0000 .0000 .0000 .0000 .0000 -5.0000 -5.0000 .0000 .0000 -2.7358 -2.0591
.0000 -8.0000 -8.0000 -8.0000 -8.0000 -8.0000 .0000 .0000 -8.0000 -8.0000 -8.0000 -8.0000 .0000 .0000 .0000 -8.0000 -8.0000 -8.0000 .0000 5.0000 -5.0000 -5.0000 .0000 -8.0000 .0000 .0000 -5.0000 .0000 .0000 .0000 .0000 -5.0000 -5.0000 .0000 .0000 .0000 1.4566 -4.2757
.0000 .0000 5.0000 .0000 .0000 .0000 .0000 .0000 5.0000 5.0000 .0000 .0000 .0000 .0000 .0000 .0000 .0000 .0000 .0000 .0000 -5.0000 -5.0000 .0000 .0000 .0000 5.0000 -5.0000 -5.0000 .0000 .0000 .0000 5.0000 -5.0000 -5.0000 .0000 .0000 -3.5383 -.7559
.0000 .0000 .0000 5.0000 .0000 5.0000 .0000 .0000 .0000 5.0000 5.0000 5.0000 .0000 .0000 .0000 .0000 .0000 5.0000 .0000 .0000 -5.0000 -5.0000 .0000 .0000 .0000 .0000 -5.0000 -5.0000 .0000 .0000 .0000 .0000 -5.0000 -5.0000 .0000 .0000 -1.2820 -.4801
.0000 .0000 5.0000 .0000 .0000 .0000 .0000 .0000 5.0000 .0000 5.0000 5.0000 .0000 .0000 .0000 5.0000 5.0000 5.0000 .0000 .0000 -5.0000 -5.0000 5.0000 5.0000 .0000 .0000 -5.0000 -5.0000 .0000 .0000 .0000 .0000 .0000 -5.0000 .0000 .0000 1.9155 -1.6037
.0000 5.0000 5.0000 -8.0000 -8.0000 -8.0000 .0000 .0000 .0000 5.0000 -8.0000 -8.0000 .0000 .0000 .0000 .0000 -8.0000 -8.0000 .0000 .0000 -5.0000 -5.0000 -8.0000 -8.0000 .0000 .0000 -5.0000 -5.0000 -8.0000 -8.0000 .0000 .0000 -5.0000 .0000 .0000 -8.0000 -1.7049 -3.3131
.0000 .0000 5.0000 -8.0000 -8.0000 -8.0000 .0000 .0000 5.0000 -8.0000 -8.0000 -8.0000 .0000 .0000 .0000 .0000 -8.0000 -8.0000 .0000 .0000 -5.0000 -5.0000 -8.0000 -8.0000 .0000 .0000 -5.0000 -5.0000 -8.0000 -8.0000 .0000 .0000 -5.0000 -5.0000 .0000 -8.0000 -.8054 -4.0086
.0000 .0000 5.0000 5.0000 -8.0000 -8.0000 .0000 .0000 .0000 5.0000 -8.0000 -8.0000 .0000 .0000 5.0000 5.0000 -8.0000 -8.0000 .0000 .0000 -5.0000 -5.0000 -8.0000 -8.0000 .0000 .0000 -5.0000 -8.0000 -8.0000 -8.0000 .0000 -5.0000 -5.0000 -8.0000 -8.0000 -8.0000 -3.4574 -.8010
.0000 .0000 5.0000 .0000 .0000 .0000 .0000 5.0000 5.0000 .0000 .0000 .0000 5.0000 .0000 .0000 .0000 .0000 .0000 .0000 .0000 -5.0000 -5.0000 .0000 .0000 .0000 .0000 -5.0000 -5.0000 .0000 .0000 .0000 -5.0000 -5.0000 .0000 .0000 .0000 -3.3185 -2.9943
.0000 5.0000 5.0000 5.0000 .0000 .0000 .0000 .0000 .0000 5.0000 .0000 5.0000 5.0000 .0000 .0000 .0000 .0000 .0000 .0000 5.0000 -5.0000 -5.0000 .0000 .0000 .0000 .0000 -5.0000 -5.0000 .0000 .0000 .0000 5.0000 -5.0000 .0000 .0000 .0000 -3.3126 -2.9583
.0000 5.0000 5.0000 .0000 .0000 .0000 .0000 5.0000 5.0000 .0000 .0000 .0000 5.0000 .0000 .0000 .0000 .0000 .0000 5.0000 5.0000 -5.0000 -5.0000 .0000 .0000 .0000 .0000 -5.0000 -5.0000 .0000 .0000 .0000 .0000 -5.0000 -5.0000 .0000 .0000 -1.0854 -3.5801
5.0000 .0000 5.0000 .0000 .0000 .0000 .0000 .0000 5.0000 .0000 5.0000 .0000 .0000 .0000 5.0000 5.0000 5.0000 .0000 5.0000 5.0000 -5.0000 -5.0000 .0000 .0000 .0000 .0000 -5.0000 .0000 .0000 .0000 .0000 -5.0000 -5.0000 .0000 .0000 .0000 2.3084 -1.7887
5.0000 .0000 .0000 .0000 .0000 .0000 5.0000 .0000 5.0000 .0000 .0000 5.0000 5.0000 .0000 .0000 .0000 .0000 5.0000 .0000 .0000 -5.0000 -5.0000 .0000 .0000 .0000 .0000 -5.0000 -5.0000 5.0000 .0000 5.0000 .0000 -5.0000 -5.0000 5.0000 .0000 -.7767 -4.5411
.0000 .0000 .0000 .0000 .0000 .0000 .0000 .0000 5.0000 5.0000 .0000 .0000 .0000 .0000 .0000 .0000 .0000 .0000 .0000 5.0000 -5.0000 -5.0000 .0000 .0000 5.0000 .0000 -5.0000 .0000 .0000 .0000 .0000 -5.0000 -5.0000 .0000 5.0000 5.0000 -2.1851 -2.9328
.0000 5.0000 5.0000 .0000 .0000 .0000 .0000 5.0000 .0000 .0000 5.0000 .0000 .0000 .0000 .0000 .0000 5.0000 .0000 .0000 .0000 -5.0000 -5.0000 .0000 .0000 .0000 .0000 -5.0000 -5.0000 .0000 .0000 .0000 .0000 -5.0000 .0000 .0000 -8.0000 .1039 -2.2337
.0000 .0000 5.0000 .0000 .0000 .0000 .0000 .0000 5.0000 .0000 .0000 .0000 .0000 .0000 5.0000 .0000 .0000 .0000 .0000 .0000 -5.0000 -5.0000 5.0000 .0000 .0000 .0000 -5.0000 .0000 .0000 .0000 .0000 -5.0000 -5.0000 .0000 .0000 -8.0000 -3.1244 -2.5304
.0000 .0000 .0000 .0000 .0000 -8.0000 .0000 5.0000 5.0000 .0000 .0000 .0000 .0000 .0000 .0000 .0000 .0000 .0000 .0000 .0000 -5.0000 -5.0000 .0000 .0000 .0000 -5.0000 -5.0000 .0000 .0000 .0000 -5.0000 -5.0000 -5.0000 .0000 .0000 .0000 .8346 -.0424
-8.0000 -8.0000 -8.0000 -8.0000 -8.0000 -8.0000 .0000 -8.0000 -8.0000 -8.0000 -8.0000 -8.0000 .0000 .0000 .0000 -8.0000 -8.0000 -8.0000 .0000 .0000 -5.0000 -5.0000 -8.0000 -8.0000 .0000 .0000 -5.0000 -5.0000 -8.0000 -8.0000 .0000 .0000 -5.0000 -8.0000 -8.0000 -8.0000 2.4077 -4.1293
.0000 .0000 5.0000 .0000 .0000 .0000 .0000 5.0000 5.0000 .0000 .0000 .0000 .0000 .0000 .0000 .0000 .0000 .0000 5.0000 5.0000 -5.0000 -5.0000 .0000 .0000 .0000 .0000 5.0000 -5.0000 .0000 .0000 .0000 .0000 5.0000 -5.0000 -5.0000 .0000 -3.3713 -3.2860
.0000 .0000 5.0000 .0000 .0000 .0000 .0000 .0000 5.0000 .0000 .0000 .0000 .0000 5.0000 5.0000 .0000 .0000 .0000 .0000 .0000 -5.0000 -5.0000 .0000 .0000 5.0000 5.0000 -5.0000 -5.0000 .0000 .0000 .0000 5.0000 .0000 -5.0000 .0000 .0000 -1.9926 -.1308
.0000 .0000 .0000 .0000 .0000 .0000 .0000 .0000 .0000 5.0000 5.0000 .0000 .0000 5.0000 .0000 .0000 5.0000 .0000 .0000 .0000 -5.0000 -5.0000 .0000 .0000 .0000 5.0000 -5.0000 -5.0000 .0000 .0000 .0000 -5.0000 -5.0000 -5.0000 .0000 .0000 3.7005 -1.7508
.0000 5.0000 5.0000 5.0000 .0000 5.0000 .0000 .0000 .0000 5.0000 .0000 .0000 .0000 .0000 .0000 .0000 .0000 .0000 .0000 .0000 -5.0000 -5.0000 .0000 .0000 .0000 .0000 -5.0000 -5.0000 .0000 .0000 .0000 .0000 .0000 -5.0000 .0000 .0000 -2.6058 -1.0498
.0000 .0000 5.0000 .0000 -8.0000 -8.0000 .0000 5.0000 5.0000 .0000 .0000 -8.0000 5.0000 .0000 .0000 .0000 5.0000 .0000 .0000 .0000 -5.0000 -5.0000 5.0000 .0000 .0000 .0000 -5.0000 -5.0000 .0000 .0000 .0000 .0000 -5.0000 -5.0000 .0000 .0000 -1.9509 -1.8331
.0000 .0000 5.0000 .0000 .0000 .0000 .0000 .0000 5.0000 .0000 .0000 .0000 .0000 .0000 .0000 .0000 .0000 .0000 .0000 .0000 -5.0000 -5.0000 .0000 .0000 .0000 .0000 5.0000 -5.0000 .0000 .0000 .0000 5.0000 5.0000 -5.0000 -5.0000 .0000 -2.4170 -1.1876
.0000 .0000 5.0000 .0000 .0000 .0000 .0000 .0000 5.0000 .0000 .0000 .0000 .0000 5.0000 5.0000 .0000 .0000 .0000 .0000 .0000 -5.0000 -5.0000 .0000 .0000 .0000 -5.0000 -5.0000 .0000 .0000 .0000 .0000 -5.0000 -5.0000 .0000 .0000 .0000 -2.2907 -.2717
-8.0000 -8.0000 -8.0000 5.0000 .0000 .0000 -8.0000 -8.0000 5.0000 5.0000 .0000 .0000 .0000 .0000 .0000 .0000 .0000 .0000 .0000 .0000 -5.0000 -5.0000 .0000 5.0000 .0000 .0000 .0000 -5.0000 -5.0000 .0000 5.0000 5.0000 .0000 .0000 -5.0000 .0000 1.0162 -.9974
-8.0000 -8.0000 -8.0000 -8.0000 -8.0000 -8.0000 -8.0000 -8.0000 -8.0000 5.0000 .0000 .0000 -8.0000 -8.0000 5.0000 5.0000 .0000 .0000 -8.0000 .0000 -5.0000 -5.0000 .0000 .0000 .0000 .0000 .0000 -5.0000 .0000 .0000 .0000 .0000 .0000 -5.0000 -5.0000 .0000 -.4983 2.9413
-8.0000 -8.0000 .0000 5.0000 -8.0000 -8.0000 .0000 .0000 .0000 5.0000 -8.0000 -8.0000 .0000 .0000 .0000 .0000 .0000 -8.0000 .0000 .0000 -5.0000 -5.0000 .0000 .0000 .0000 .0000 -5.0000 -5.0000 .0000 .0000 .0000 .0000 .0000 -5.0000 -5.0000 .0000 -.4380 -.6054
-8.0000 -8.0000 -8.0000 -8.0000 -8.0000 -8.0000 -8.0000 -8.0000 -8.0000 .0000 -8.0000 -8.0000 -8.0000 .0000 5.0000 5.0000 -8.0000 -8.0000 .0000 .0000 -5.0000 -5.0000 -8.0000 -8.0000 .0000 .0000 -5.0000 -5.0000 .0000 -8.0000 .0000 .0000 -5.0000 .0000 .0000 -8.0000 -.4488 1.0348
-8.0000 -8.0000 5.0000 5.0000 -8.0000 -8.0000 -8.0000 .0000 .0000 5.0000 .0000 .0000 -8.0000 .0000 .0000 5.0000 .0000 .0000 .0000 .0000 -5.0000 -5.0000 .0000 .0000 .0000 .0000 -5.0000 -5.0000 .0000 .0000 .0000 5.0000 -5.0000 -5.0000 .0000 .0000 -1.4262 -1.4105
-8.0000 -8.0000 -8.0000 -8.0000 -8.0000 -8.0000 -8.0000 -8.0000 -8.0000 -8.0000 -8.0000 -8.0000 -8.0000 -8.0000 .0000 -4.0000 -8.0000 -8.0000 .0000 .0000 -5.0000 -5.0000 -4.0000 -8.0000 .0000 -2.5000 -5.0000 .0000 .0000 -8.0000 .0000 -2.5000 -5.0000 .0000 .0000 .0000 2.9851 -3.7247
.0000 .0000 .0000 5.0000 .0000 .0000 5.0000 5.0000 5.0000 5.0000 .0000 .0000 5.0000 .0000 .0000 5.0000 5.0000 .0000 .0000 .0000 -5.0000 -5.0000 .0000 .0000 .0000 .0000 -5.0000 -5.0000 .0000 .0000 .0000 .0000 -5.0000 -5.0000 .0000 .0000 -3.2183 -1.8715
-8.0000 -8.0000 -8.0000 -8.0000 2.5000 .0000 -8.0000 -8.0000 -8.0000 .0000 .0000 .0000 -8.0000 -4.0000 .0000 .0000 .0000 .0000 -8.0000 5.0000 -5.0000 -5.0000 .0000 .0000 -8.0000 .0000 .0000 -5.0000 .0000 .0000 -8.0000 -8.0000 .0000 -5.0000 -5.0000 .0000 -1.5622 .5593
.0000 .0000 5.0000 5.0000 .0000 .0000 5.0000 .0000 5.0000 5.0000 .0000 .0000 5.0000 .0000 .0000 .0000 .0000 .0000 .0000 .0000 -5.0000 -5.0000 .0000 .0000 .0000 .0000 -5.0000 .0000 .0000 .0000 .0000 .0000 -5.0000 .0000 .0000 .0000 -3.3118 -3.0451
.0000 .0000 2.5000 .0000 .0000 .0000 .0000 .0000 .0000 .0000 .0000 .0000 .0000 .0000 .0000 .0000 2.5000 5.0000 .0000 .0000 -5.0000 -5.0000 .0000 .0000 .0000 .0000 -5.0000 -5.0000 .0000 .0000 .0000 .0000 -5.0000 -5.0000 .0000 2.5000 .5371 -.4739
.0000 -2.6667 -8.0000 -8.0000 -8.0000 -8.0000 .0000 .0000 -2.6667 -8.0000 -8.0000 -8.0000 .0000 .0000 .0000 -8.0000 -8.0000 -8.0000 .0000 .0000 -5.0000 -5.0000 -8.0000 -8.0000 .0000 1.6667 -5.0000 -3.3333 .0000 -8.0000 .0000 -1.6667 -5.0000 .0000 .0000 .0000 1.5074 -4.1561
-8.0000 -8.0000 5.0000 5.0000 .0000 .0000 .0000 .0000 .0000 .0000 .0000 .0000 .0000 .0000 .0000 .0000 .0000 5.0000 .0000 .0000 -5.0000 -5.0000 .0000 .0000 -8.0000 5.0000 .0000 -5.0000 -5.0000 .0000 -8.0000 .0000 .0000 -5.0000 -5.0000 .0000 -.1487 -1.0732
-8.0000 -8.0000 -8.0000 -8.0000 5.0000 .0000 -8.0000 -8.0000 -8.0000 .0000 5.0000 .0000 -8.0000 -8.0000 -8.0000 .0000 .0000 5.0000 -8.0000 -8.0000 -5.0000 -5.0000 .0000 5.0000 -8.0000 -8.0000 .0000 -5.0000 -5.0000 .0000 -8.0000 .0000 .0000 .0000 -5.0000 .0000 -3.1757 4.1093
-8.0000 .0000 5.0000 5.0000 .0000 .0000 -8.0000 5.0000 5.0000 .0000 .0000 .0000 -8.0000 -8.0000 .0000 5.0000 5.0000 .0000 -8.0000 -8.0000 -5.0000 -5.0000 5.0000 5.0000 -8.0000 -8.0000 -5.0000 -5.0000 .0000 .0000 -8.0000 -8.0000 .0000 -5.0000 .0000 .0000 -2.7402 -2.3184
-8.0000 .0000 .0000 5.0000 .0000 .0000 -8.0000 .0000 5.0000 5.0000 .0000 .0000 -8.0000 5.0000 5.0000 .0000 .0000 .0000 -8.0000 -8.0000 -5.0000 -5.0000 5.0000 5.0000 -8.0000 -8.0000 -5.0000 -5.0000 .0000 5.0000 -8.0000 -8.0000 .0000 -5.0000 .0000 .0000 -2.6693 -1.9318
-8.0000 -8.0000 -8.0000 -8.0000 -8.0000 -8.0000 -8.0000 -8.0000 .0000 .0000 -8.0000 -8.0000 -8.0000 .0000 .0000 .0000 .0000 .0000 -8.0000 .0000 -5.0000 -5.0000 .0000 .0000 5.0000 5.0000 -5.0000 -5.0000 .0000 .0000 .0000 .0000 -5.0000 -5.0000 .0000 5.0000 -1.2246 3.1191
.0000 .0000 5.0000 .0000 .0000 -8.0000 .0000 .0000 5.0000 .0000 .0000 .0000 .0000 .0000 .0000 .0000 .0000 .0000 .0000 .0000 -5.0000 -5.0000 .0000 .0000 5.0000 5.0000 -5.0000 -5.0000 .0000 .0000 .0000 -5.0000 -5.0000 .0000 .0000 .0000 2.1490 -3.3629
-8.0000 -8.0000 -8.0000 -8.0000 -8.0000 -8.0000 -8.0000 -8.0000 .0000 -8.0000 -8.0000 -8.0000 .0000 .0000 .0000 .0000 -8.0000 -8.0000 .0000 .0000 -5.0000 -5.0000 -8.0000 -8.0000 .0000 .0000 -5.0000 .0000 -8.0000 -8.0000 .0000 -5.0000 -5.0000 .0000 -8.0000 -8.0000 1.6262 -3.5195
.0000 .0000 .0000 5.0000 .0000 .0000 .0000 .0000 .0000 .0000 .0000 .0000 .0000 .0000 .0000 .0000 .0000 .0000 .0000 .0000 -5.0000 -5.0000 .0000 .0000 .0000 5.0000 -5.0000 -5.0000 .0000 .0000 .0000 5.0000 -5.0000 -5.0000 5.0000 5.0000 -2.6821 .3191
5.0000 5.0000 5.0000 .0000 .0000 .0000 5.0000 5.0000 5.0000 .0000 .0000 .0000 .0000 .0000 .0000 .0000 .0000 .0000 .0000 .0000 -5.0000 -5.0000 .0000 .0000 .0000 .0000 -5.0000 -5.0000 .0000 .0000 .0000 .0000 -5.0000 .0000 .0000 .0000 -3.1907 -3.7810
.0000 5.0000 5.0000 5.0000 5.0000 5.0000 .0000 5.0000 5.0000 .0000 .0000 .0000 .0000 .0000 .0000 .0000 .0000 .0000 .0000 .0000 -5.0000 -5.0000 .0000 .0000 .0000 .0000 -5.0000 -5.0000 .0000 .0000 .0000 .0000 -5.0000 -5.0000 .0000 .0000 -2.1983 -4.0389
.0000 .0000 .0000 5.0000 .0000 .0000 .0000 .0000 .0000 5.0000 5.0000 .0000 .0000 .0000 .0000 .0000 .0000 .0000 .0000 .0000 -5.0000 -5.0000 5.0000 5.0000 .0000 -5.0000 -5.0000 .0000 .0000 .0000 -5.0000 -5.0000 -5.0000 .0000 .0000 .0000 -2.9485 -3.3627
.0000 5.0000 5.0000 5.0000 .0000 .0000 5.0000 5.0000 5.0000 .0000 .0000 .0000 .0000 .0000 .0000 5.0000 .0000 .0000 .0000 .0000 -5.0000 -5.0000 .0000 .0000 .0000 .0000 -5.0000 -5.0000 5.0000 5.0000 .0000 .0000 -5.0000 -5.0000 .0000 .0000 -3.4358 -4.2293
.0000 .0000 .0000 .0000 .0000 .0000 .0000 5.0000 5.0000 .0000 .0000 .0000 .0000 5.0000 5.0000 5.0000 .0000 .0000 5.0000 5.0000 -5.0000 -5.0000 .0000 .0000 .0000 .0000 -5.0000 -5.0000 .0000 .0000 .0000 .0000 -5.0000 -5.0000 .0000 .0000 1.0164 -2.4012
.0000 .0000 .0000 5.0000 5.0000 .0000 .0000 5.0000 5.0000 .0000 .0000 .0000 5.0000 5.0000 .0000 .0000 .0000 5.0000 -5.0000 .0000 -5.0000 -5.0000 .0000 5.0000 -5.0000 -5.0000 -5.0000 .0000 .0000 .0000 .0000 .0000 .0000 .0000 .0000 .0000 .0292 -1.5743
.0000 .0000 5.0000 .0000 .0000 .0000 .0000 .0000 5.0000 .0000 .0000 .0000 .0000 .0000 .0000 .0000 .0000 .0000 .0000 .0000 -5.0000 -5.0000 .0000 -8.0000 .0000 .0000 -5.0000 -8.0000 -8.0000 -8.0000 -5.0000 -5.0000 -8.0000 -8.0000 -8.0000 -8.0000 1.1116 -2.4386
.0000 .0000 5.0000 5.0000 .0000 .0000 .0000 .0000 5.0000 .0000 .0000 .0000 .0000 .0000 .0000 .0000 .0000 .0000 .0000 .0000 -5.0000 -5.0000 5.0000 5.0000 .0000 .0000 -5.0000 -5.0000 5.0000 .0000 .0000 .0000 -5.0000 -5.0000 .0000 .0000 -2.9983 -1.1651
-8.0000 -8.0000 -8.0000 .0000 .0000 .0000 -8.0000 -8.0000 -8.0000 .0000 .0000 .0000 -8.0000 -8.0000 -8.0000 .0000 .0000 .0000 -8.0000 -8.0000 -8.0000 -5.0000 .0000 .0000 -8.0000 -8.0000 -5.0000 -5.0000 -5.0000 .0000 -8.0000 -8.0000 .0000 .0000 -5.0000 .0000 -2.6852 3.0612
.0000 .0000 5.0000 .0000 .0000 .0000 .0000 .0000 5.0000 .0000 .0000 .0000 .0000 .0000 .0000 .0000 .0000 .0000 .0000 5.0000 -5.0000 -5.0000 .0000 .0000 .0000 5.0000 5.0000 -5.0000 -5.0000 .0000 .0000 .0000 .0000 -5.0000 .0000 .0000 -2.8887 -.3519
5.0000 .0000 5.0000 .0000 5.0000 -8.0000 5.0000 5.0000 5.0000 .0000 5.0000 .0000 .0000 .0000 .0000 5.0000 5.0000 .0000 .0000 .0000 -5.0000 -5.0000 5.0000 .0000 .0000 -5.0000 -5.0000 .0000 .0000 .0000 -5.0000 -5.0000 .0000 .0000 .0000 .0000 -2.2760 2.7621
.0000 .0000 .0000 .0000 .0000 -8.0000 .0000 5.0000 5.0000 5.0000 5.0000 -8.0000 .0000 .0000 5.0000 5.0000 5.0000 .0000 .0000 .0000 -5.0000 -5.0000 5.0000 5.0000 -5.0000 -5.0000 -5.0000 -5.0000 5.0000 .0000 -5.0000 -5.0000 -5.0000 .0000 .0000 .0000 .2426 -.4260
.0000 .0000 5.0000 .0000 -8.0000 -8.0000 .0000 5.0000 5.0000 5.0000 5.0000 .0000 .0000 .0000 .0000 .0000 .0000 .0000 -5.0000 .0000 -5.0000 -5.0000 5.0000 .0000 -5.0000 -5.0000 -5.0000 .0000 .0000 .0000 -5.0000 -5.0000 .0000 .0000 .0000 .0000 -2.6224 .6022
.0000 .0000 5.0000 .0000 .0000 .0000 .0000 .0000 .0000 5.0000 .0000 .0000 .0000 .0000 .0000 5.0000 .0000 .0000 .0000 .0000 -5.0000 -5.0000 .0000 .0000 -5.0000 .0000 -5.0000 .0000 .0000 .0000 -5.0000 -5.0000 -5.0000 .0000 .0000 .0000 -2.4027 1.3451
.0000 .0000 5.0000 5.0000 .0000 .0000 .0000 .0000 .0000 .0000 .0000 .0000 .0000 .0000 .0000 .0000 .0000 .0000 .0000 .0000 -5.0000 -5.0000 .0000 .0000 -5.0000 .0000 .0000 -5.0000 .0000 .0000 -5.0000 -5.0000 -5.0000 -5.0000 .0000 .0000 -2.5389 1.6441
-8.0000 -8.0000 -8.0000 .0000 .0000 .0000 -5.0000 .0000 5.0000 .0000 .0000 .0000 -5.0000 5.0000 .0000 .0000 .0000 .0000 -5.0000 5.0000 -5.0000 -5.0000 .0000 .0000 -5.0000 -5.0000 -5.0000 .0000 .0000 .0000 -5.0000 -5.0000 .0000 .0000 .0000 .0000 -2.6186 1.6449
-8.0000 -8.0000 -8.0000 -8.0000 -8.0000 -8.0000 .0000 .0000 -8.0000 -8.0000 -8.0000 -8.0000 .0000 .0000 5.0000 5.0000 -8.0000 -8.0000 -5.0000 5.0000 -5.0000 -5.0000 .0000 .0000 .0000 .0000 -5.0000 -5.0000 .0000 .0000 -5.0000 -5.0000 -5.0000 .0000 .0000 .0000 -.4592 2.7132
-8.0000 .0000 .0000 .0000 .0000 .0000 -8.0000 .0000 5.0000 .0000 .0000 .0000 -8.0000 .0000 .0000 .0000 .0000 .0000 -8.0000 .0000 -5.0000 -5.0000 .0000 .0000 -8.0000 .0000 -5.0000 -5.0000 .0000 .0000 -8.0000 -5.0000 -5.0000 .0000 .0000 5.0000 -1.1893 -.2034
-8.0000 -8.0000 -8.0000 -8.0000 .0000 5.0000 -8.0000 -8.0000 -8.0000 5.0000 .0000 5.0000 -8.0000 -8.0000 .0000 .0000 .0000 .0000 -8.0000 -8.0000 -5.0000 -5.0000 .0000 .0000 -8.0000 5.0000 5.0000 -5.0000 -5.0000 5.0000 -8.0000 5.0000 .0000 .0000 -5.0000 -5.0000 -3.4924 2.5336
-8.0000 -8.0000 5.0000 5.0000 .0000 .0000 -8.0000 -8.0000 .0000 5.0000 5.0000 .0000 -8.0000 -8.0000 .0000 .0000 .0000 .0000 -8.0000 -8.0000 -8.0000 -5.0000 5.0000 5.0000 -8.0000 -8.0000 -8.0000 -5.0000 .0000 5.0000 -8.0000 -8.0000 -8.0000 -5.0000 .0000 .0000 -1.8809 -1.2672
.0000 .0000 5.0000 5.0000 .0000 .0000 .0000 .0000 .0000 .0000 .0000 .0000 .0000 .0000 5.0000 5.0000 .0000 .0000 5.0000 .0000 -5.0000 -5.0000 .0000 .0000 .0000 .0000 .0000 -5.0000 .0000 .0000 .0000 .0000 .0000 -5.0000 .0000 .0000 -.0889 -.3548
5.0000 .0000 .0000 5.0000 .0000 .0000 5.0000 .0000 .0000 5.0000 .0000 .0000 .0000 .0000 5.0000 5.0000 .0000 .0000 .0000 .0000 -5.0000 -5.0000 .0000 .0000 .0000 .0000 -5.0000 -5.0000 .0000 .0000 5.0000 .0000 -5.0000 -5.0000 .0000 .0000 -1.6502 3.9248
.0000 .0000 5.0000 -8.0000 -8.0000 -8.0000 .0000 .0000 5.0000 -8.0000 -8.0000 -8.0000 .0000 .0000 .0000 -8.0000 -8.0000 -8.0000 .0000 5.0000 -5.0000 -8.0000 -8.0000 -8.0000 -5.0000 -5.0000 -5.0000 -8.0000 -8.0000 -8.0000 -5.0000 -5.0000 .0000 -8.0000 -8.0000 -8.0000 -1.4633 -4.5112
.0000 .0000 5.0000 5.0000 .0000 .0000 .0000 .0000 .0000 5.0000 .0000 .0000 5.0000 .0000 .0000 5.0000 5.0000 -8.0000 .0000 .0000 -5.0000 -5.0000 .0000 -8.0000 .0000 .0000 -5.0000 .0000 -8.0000 -8.0000 .0000 -5.0000 -5.0000 -8.0000 -8.0000 -8.0000 -1.2292 -.0574
.0000 .0000 .0000 .0000 .0000 .0000 5.0000 .0000 .0000 5.0000 5.0000 .0000 5.0000 .0000 .0000 5.0000 5.0000 .0000 .0000 .0000 -5.0000 -5.0000 5.0000 -8.0000 .0000 .0000 -5.0000 .0000 -8.0000 -8.0000 .0000 -5.0000 -5.0000 -8.0000 -8.0000 -8.0000 .0683 -1.5599
.0000 .0000 -8.0000 -8.0000 -8.0000 -8.0000 5.0000 5.0000 5.0000 -8.0000 -8.0000 -8.0000 5.0000 .0000 .0000 -8.0000 -8.0000 -8.0000 .0000 .0000 -5.0000 -8.0000 -8.0000 -8.0000 .0000 .0000 -5.0000 -8.0000 -8.0000 -8.0000 .0000 .0000 -5.0000 -8.0000 -8.0000 -8.0000 .5944 -4.3865
.0000 .0000 5.0000 5.0000 5.0000 .0000 .0000 .0000 .0000 .0000 .0000 .0000 .0000 .0000 .0000 .0000 .0000 .0000 .0000 .0000 -5.0000 -5.0000 5.0000 5.0000 .0000 .0000 -5.0000 -5.0000 .0000 .0000 .0000 .0000 .0000 -5.0000 -5.0000 .0000 -1.4252 1.5263
-8.0000 5.0000 -8.0000 -8.0000 -8.0000 -8.0000 5.0000 5.0000 5.0000 .0000 -8.0000 -8.0000 .0000 .0000 .0000 .0000 .0000 .0000 .0000 .0000 -5.0000 -5.0000 .0000 .0000 .0000 .0000 -5.0000 -5.0000 .0000 5.0000 .0000 .0000 -5.0000 5.0000 5.0000 5.0000 1.3176 -3.4228
-8.0000 -8.0000 -8.0000 -8.0000 -8.0000 -8.0000 -8.0000 -8.0000 -8.0000 -8.0000 -8.0000 -8.0000 .0000 5.0000 .0000 -8.0000 -8.0000 -8.0000 .0000 .0000 -5.0000 -5.0000 -8.0000 -8.0000 .0000 -5.0000 -5.0000 .0000 -8.0000 -8.0000 -5.0000 -5.0000 -5.0000 .0000 -8.0000 -8.0000 2.1095 -3.8595
.0000 -4.0000 -8.0000 -8.0000 -8.0000 -8.0000 .0000 .0000 -8.0000 -8.0000 -8.0000 -8.0000 .0000 .0000 .0000 -8.0000 -8.0000 -8.0000 .0000 .0000 -5.0000 -5.0000 -8.0000 -8.0000 .0000 -5.0000 -5.0000 .0000 -8.0000 -8.0000 -5.0000 -5.0000 .0000 -4.0000 -4.0000 -8.0000 1.8589 -4.0025
.0000 5.0000 5.0000 -8.0000 -8.0000 -8.0000 .0000 .0000 .0000 .0000 -8.0000 -8.0000 .0000 5.0000 .0000 .0000 -8.0000 -8.0000 .0000 5.0000 -5.0000 -5.0000 -8.0000 -8.0000 .0000 -5.0000 -5.0000 .0000 -8.0000 -8.0000 -5.0000 -5.0000 .0000 .0000 .0000 -8.0000 -.4509 -4.8984
.0000 .0000 5.0000 .0000 -8.0000 -8.0000 .0000 .0000 5.0000 .0000 -8.0000 -8.0000 .0000 5.0000 .0000 .0000 -8.0000 -8.0000 .0000 5.0000 -5.0000 -5.0000 -8.0000 -8.0000 -5.0000 -5.0000 -5.0000 .0000 -8.0000 -8.0000 -5.0000 -5.0000 .0000 .0000 -8.0000 -8.0000 -2.7674 -4.4471
-8.0000 -8.0000 -8.0000 -8.0000 .0000 .0000 -8.0000 -8.0000 -8.0000 .0000 .0000 .0000 -8.0000 -8.0000 -2.6667 .0000 .0000 .0000 -8.0000 -5.3333 -5.0000 -5.0000 .0000 .0000 -5.3333 1.6667 -5.0000 -5.0000 .0000 .0000 .0000 .0000 -1.6667 -5.0000 -3.3333 .0000 -2.2654 .8155
.0000 .0000 .0000 .0000 .0000 .0000 .0000 5.0000 5.0000 .0000 .0000 5.0000 .0000 5.0000 .0000 .0000 5.0000 5.0000 .0000 5.0000 -5.0000 -5.0000 .0000 .0000 .0000 .0000 -5.0000 -5.0000 .0000 5.0000 .0000 .0000 -5.0000 .0000 .0000 .0000 -.4306 -1.7529
.0000 .0000 5.0000 5.0000 .0000 .0000 -5.0000 -5.0000 .0000 .0000 .0000 .0000 -5.0000 .0000 .0000 .0000 .0000 .0000 -5.0000 -5.0000 -5.0000 -5.0000 .0000 .0000 -5.0000 -5.0000 -5.0000 .0000 .0000 .0000 .0000 .0000 .0000 .0000 .0000 .0000 -.4983 2.7730
.0000 .0000 5.0000 5.0000 .0000 .0000 5.0000 .0000 .0000 .0000 .0000 5.0000 .0000 5.0000 .0000 .0000 .0000 5.0000 .0000 5.0000 -5.0000 -5.0000 5.0000 5.0000 .0000 .0000 -5.0000 -5.0000 .0000 .0000 .0000 .0000 -5.0000 .0000 .0000 .0000 3.4542 -3.1660
.0000 .0000 5.0000 .0000 .0000 .0000 .0000 .0000 5.0000 .0000 .0000 .0000 .0000 .0000 .0000 .0000 .0000 .0000 .0000 .0000 -5.0000 -5.0000 .0000 5.0000 5.0000 .0000 -5.0000 -5.0000 .0000 5.0000 .0000 .0000 -5.0000 .0000 .0000 .0000 -.2738 -4.5480
.0000 .0000 5.0000 .0000 .0000 .0000 5.0000 5.0000 5.0000 .0000 .0000 .0000 5.0000 5.0000 .0000 .0000 .0000 .0000 5.0000 .0000 -5.0000 -5.0000 .0000 .0000 5.0000 .0000 -5.0000 .0000 .0000 .0000 -5.0000 -5.0000 -5.0000 .0000 .0000 .0000 1.1181 -4.2756
.0000 5.0000 5.0000 .0000 .0000 .0000 .0000 .0000 .0000 .0000 .0000 .0000 .0000 .0000 5.0000 5.0000 .0000 .0000 .0000 .0000 -5.0000 -5.0000 .0000 .0000 .0000 .0000 -5.0000 -5.0000 .0000 .0000 .0000 .0000 -5.0000 .0000 .0000 .0000 2.0219 -4.1358
.0000 .0000 5.0000 5.0000 .0000 .0000 .0000 .0000 .0000 .0000 .0000 .0000 .0000 .0000 .0000 .0000 5.0000 .0000 .0000 .0000 -5.0000 -5.0000 5.0000 5.0000 .0000 -5.0000 -5.0000 -5.0000 5.0000 5.0000 -5.0000 -5.0000 -5.0000 .0000 .0000 .0000 -.7040 -2.2506
.0000 .0000 5.0000 5.0000 5.0000 .0000 .0000 .0000 5.0000 5.0000 5.0000 5.0000 .0000 .0000 .0000 .0000 .0000 5.0000 .0000 .0000 -5.0000 -5.0000 .0000 .0000 .0000 .0000 -5.0000 -5.0000 .0000 5.0000 .0000 .0000 -5.0000 .0000 .0000 .0000 -1.5365 .7877
.0000 .0000 5.0000 5.0000 .0000 .0000 .0000 .0000 .0000 .0000 .0000 .0000 .0000 .0000 .0000 .0000 .0000 .0000 .0000 .0000 -5.0000 -5.0000 .0000 -8.0000 .0000 .0000 -5.0000 -5.0000 -8.0000 -8.0000 .0000 -5.0000 -5.0000 .0000 -8.0000 -8.0000 -1.3714 -1.5925
.0000 .0000 .0000 .0000 .0000 .0000 .0000 .0000 .0000 .0000 .0000 .0000 .0000 .0000 .0000 .0000 .0000 .0000 .0000 .0000 -5.0000 -5.0000 .0000 .0000 .0000 -5.0000 -5.0000 -5.0000 .0000 .0000 -5.0000 -5.0000 -5.0000 .0000 5.0000 5.0000 -.3121 1.5701
.0000 .0000 5.0000 -8.0000 -8.0000 -8.0000 .0000 .0000 .0000 -8.0000 -8.0000 -8.0000 .0000 .0000 .0000 .0000 -8.0000 -8.0000 .0000 .0000 -5.0000 -5.0000 .0000 -8.0000 .0000 -5.0000 -5.0000 .0000 .0000 -8.0000 .0000 .0000 .0000 .0000 .0000 .0000 -1.7771 -4.5117
.0000 .0000 .0000 .0000 .0000 .0000 .0000 .0000 .0000 .0000 .0000 .0000 -5.0000 -5.0000 .0000 .0000 .0000 .0000 -8.0000 -5.0000 -5.0000 -5.0000 .0000 5.0000 -8.0000 -8.0000 -5.0000 .0000 .0000 5.0000 -8.0000 -8.0000 .0000 .0000 .0000 .0000 -2.3595 2.2112
-8.0000 -8.0000 -8.0000 -8.0000 .0000 .0000 -8.0000 -8.0000 -8.0000 .0000 .0000 .0000 -8.0000 .0000 .0000 .0000 .0000 .0000 .0000 -5.0000 -5.0000 -5.0000 .0000 .0000 .0000 -5.0000 -5.0000 .0000 .0000 .0000 .0000 .0000 .0000 .0000 .0000 .0000 -2.5026 .9267
.0000 .0000 5.0000 .0000 5.0000 5.0000 .0000 .0000 .0000 .0000 .0000 .0000 .0000 .0000 .0000 .0000 .0000 .0000 .0000 .0000 -5.0000 -5.0000 .0000 .0000 .0000 .0000 -5.0000 .0000 .0000 .0000 .0000 .0000 -5.0000 .0000 .0000 .0000 -2.6062 -2.8051
.0000 .0000 5.0000 .0000 .0000 .0000 .0000 .0000 5.0000 .0000 .0000 5.0000 .0000 .0000 5.0000 .0000 .0000 5.0000 .0000 .0000 -5.0000 -5.0000 .0000 .0000 .0000 .0000 -5.0000 -5.0000 .0000 .0000 .0000 .0000 -5.0000 -5.0000 .0000 .0000 -1.3487 -2.4348
.0000 .0000 5.0000 5.0000 -8.0000 -8.0000 .0000 .0000 5.0000 .0000 -8.0000 -8.0000 .0000 .0000 .0000 .0000 -8.0000 -8.0000 .0000 5.0000 -5.0000 -5.0000 -8.0000 -8.0000 5.0000 .0000 -5.0000 .0000 -8.0000 -8.0000 .0000 -5.0000 -5.0000 .0000 -8.0000 -8.0000 -.6891 -3.6497
-8.0000 -8.0000 -8.0000 -8.0000 -8.0000 -8.0000 .0000 .0000 5.0000 5.0000 -8.0000 -8.0000 .0000 .0000 5.0000 5.0000 -8.0000 -8.0000 .0000 .0000 -5.0000 -5.0000 -8.0000 -8.0000 .0000 5.0000 -5.0000 -5.0000 -8.0000 -8.0000 5.0000 -5.0000 -5.0000 .0000 -8.0000 -8.0000 -.2114 -1.9762
-8.0000 -8.0000 -8.0000 -8.0000 -8.0000 -8.0000 .0000 .0000 -8.0000 -8.0000 -8.0000 -8.0000 .0000 .0000 5.0000 5.0000 -8.0000 -8.0000 .0000 .0000 -5.0000 -5.0000 -8.0000 -8.0000 .0000 5.0000 -5.0000 .0000 -8.0000 -8.0000 .0000 -5.0000 -5.0000 -8.0000 -8.0000 -8.0000 -3.6704 -2.7294
-8.0000 -8.0000 -8.0000 -8.0000 -8.0000 -8.0000 .0000 -8.0000 -8.0000 -8.0000 -8.0000 -8.0000 5.0000 .0000 5.0000 5.0000 .0000 .0000 .0000 .0000 -5.0000 -5.0000 .0000 .0000 .0000 .0000 -5.0000 -5.0000 .0000 .0000 .0000 .0000 -5.0000 .0000 .0000 .0000 -.2301 .3939
.0000 5.0000 5.0000 .0000 .0000 .0000 .0000 .0000 5.0000 .0000 .0000 -8.0000 5.0000 5.0000 5.0000 .0000 .0000 -8.0000 .0000 .0000 -5.0000 -5.0000 -8.0000 -8.0000 .0000 5.0000 -5.0000 -5.0000 -8.0000 -8.0000 .0000 5.0000 -5.0000 -8.0000 -8.0000 -8.0000 -2.8541 -2.7166
.0000 .0000 5.0000 5.0000 .0000 .0000 .0000 .0000 5.0000 .0000 .0000 .0000 .0000 .0000 5.0000 5.0000 .0000 .0000 .0000 .0000 -5.0000 -5.0000 .0000 .0000 .0000 .0000 -5.0000 -5.0000 .0000 .0000 5.0000 .0000 -5.0000 -5.0000 .0000 .0000 -1.8921 -1.9607
.0000 5.0000 5.0000 .0000 .0000 .0000 .0000 .0000 .0000 .0000 .0000 .0000 .0000 .0000 .0000 .0000 5.0000 5.0000 .0000 .0000 -5.0000 -5.0000 5.0000 5.0000 .0000 .0000 -5.0000 -5.0000 .0000 .0000 .0000 .0000 -5.0000 .0000 .0000 .0000 3.9159 -2.1163
.0000 .0000 5.0000 .0000 .0000 .0000 .0000 .0000 .0000 5.0000 .0000 .0000 .0000 .0000 .0000 .0000 .0000 .0000 .0000 .0000 -5.0000 -5.0000 5.0000 5.0000 .0000 -5.0000 -5.0000 .0000 5.0000 .0000 .0000 -5.0000 -5.0000 .0000 .0000 .0000 2.3535 -2.5603
-8.0000 -8.0000 -8.0000 -8.0000 -8.0000 -8.0000 5.0000 .0000 .0000 .0000 -8.0000 -8.0000 .0000 .0000 .0000 .0000 5.0000 .0000 .0000 .0000 -5.0000 -5.0000 5.0000 5.0000 .0000 .0000 -5.0000 -5.0000 .0000 .0000 .0000 .0000 .0000 -5.0000 .0000 .0000 -.9267 1.1064
-8.0000 -8.0000 -8.0000 -8.0000 -8.0000 -8.0000 -8.0000 .0000 .0000 .0000 .0000 5.0000 .0000 .0000 .0000 .0000 .0000 .0000 .0000 -5.0000 -5.0000 -5.0000 .0000 .0000 .0000 -5.0000 -5.0000 .0000 .0000 .0000 .0000 .0000 .0000 5.0000 5.0000 .0000 -2.1606 -.9267
.0000 .0000 5.0000 5.0000 .0000 .0000 .0000 .0000 .0000 .0000 .0000 .0000 .0000 .0000 .0000 .0000 .0000 .0000 .0000 5.0000 -5.0000 -5.0000 .0000 .0000 .0000 5.0000 -5.0000 -5.0000 .0000 .0000 .0000 .0000 -5.0000 .0000 .0000 .0000 -3.0494 -2.3760
.0000 .0000 5.0000 5.0000 5.0000 .0000 .0000 .0000 5.0000 5.0000 .0000 .0000 .0000 5.0000 5.0000 .0000 .0000 .0000 .0000 .0000 -5.0000 -5.0000 .0000 .0000 5.0000 .0000 -5.0000 -5.0000 .0000 .0000 .0000 .0000 .0000 -5.0000 .0000 .0000 -.3794 -.1594
-8.0000 -8.0000 -8.0000 -8.0000 -8.0000 -8.0000 -8.0000 .0000 .0000 -8.0000 -8.0000 -8.0000 .0000 .0000 .0000 .0000 -8.0000 -8.0000 .0000 .0000 -5.0000 -5.0000 -8.0000 -8.0000 .0000 .0000 -5.0000 -5.0000 .0000 -8.0000 .0000 -5.0000 -5.0000 .0000 .0000 .0000 1.6262 -3.5195
-8.0000 .0000 -8.0000 -8.0000 -8.0000 -8.0000 .0000 .0000 .0000 -8.0000 -8.0000 -8.0000 5.0000 .0000 .0000 .0000 .0000 -8.0000 .0000 .0000 -5.0000 -5.0000 .0000 5.0000 .0000 .0000 -5.0000 -5.0000 .0000 5.0000 .0000 .0000 .0000 -5.0000 -5.0000 .0000 .6525 -3.3202
.0000 .0000 .0000 5.0000 .0000 .0000 .0000 .0000 .0000 .0000 .0000 .0000 .0000 .0000 .0000 .0000 .0000 5.0000 .0000 .0000 -5.0000 -5.0000 5.0000 .0000 .0000 .0000 -5.0000 -5.0000 .0000 .0000 .0000 .0000 -5.0000 -5.0000 .0000 .0000 -1.5272 -3.8113
.0000 .0000 5.0000 .0000 .0000 -8.0000 .0000 5.0000 5.0000 .0000 .0000 -8.0000 .0000 .0000 .0000 5.0000 5.0000 -8.0000 .0000 .0000 -5.0000 -5.0000 5.0000 .0000 .0000 .0000 .0000 -5.0000 .0000 .0000 .0000 .0000 .0000 -5.0000 .0000 .0000 .7336 -.3772
.0000 5.0000 5.0000 .0000 .0000 .0000 .0000 5.0000 5.0000 .0000 .0000 .0000 .0000 .0000 .0000 .0000 5.0000 5.0000 .0000 5.0000 -5.0000 -5.0000 .0000 5.0000 .0000 .0000 -5.0000 -5.0000 .0000 -8.0000 .0000 -5.0000 -5.0000 5.0000 .0000 -8.0000 2.6132 -2.6826
.0000 .0000 5.0000 5.0000 .0000 .0000 .0000 5.0000 .0000 5.0000 .0000 .0000 .0000 .0000 .0000 .0000 5.0000 .0000 5.0000 5.0000 -5.0000 -5.0000 5.0000 .0000 .0000 -5.0000 -5.0000 5.0000 .0000 5.0000 -5.0000 -5.0000 .0000 5.0000 5.0000 5.0000 -1.1348 -1.8350
.0000 .0000 5.0000 .0000 .0000 .0000 .0000 .0000 5.0000 5.0000 .0000 .0000 .0000 5.0000 .0000 5.0000 .0000 .0000 .0000 .0000 -5.0000 -5.0000 5.0000 .0000 5.0000 5.0000 -5.0000 -5.0000 5.0000 .0000 .0000 -5.0000 -5.0000 5.0000 5.0000 .0000 -1.7669 -1.4361
.0000 .0000 5.0000 5.0000 .0000 .0000 .0000 .0000 .0000 .0000 .0000 5.0000 .0000 .0000 .0000 .0000 .0000 .0000 .0000 .0000 -5.0000 -5.0000 .0000 -8.0000 .0000 -5.0000 -5.0000 .0000 -8.0000 -8.0000 -5.0000 -5.0000 .0000 -8.0000 -8.0000 -8.0000 -.8376 -2.2330
-8.0000 -8.0000 -8.0000 -8.0000 5.0000 .0000 -8.0000 -8.0000 -8.0000 .0000 5.0000 .0000 -8.0000 -8.0000 .0000 .0000 .0000 .0000 -8.0000 .0000 -5.0000 -5.0000 .0000 .0000 .0000 .0000 -5.0000 -5.0000 .0000 .0000 .0000 .0000 -5.0000 -5.0000 .0000 .0000 -2.2112 3.0612
.0000 .0000 5.0000 5.0000 .0000 -8.0000 .0000 .0000 .0000 .0000 .0000 -8.0000 .0000 .0000 .0000 .0000 .0000 -8.0000 .0000 .0000 -5.0000 -5.0000 .0000 -8.0000 .0000 .0000 -5.0000 -5.0000 .0000 -8.0000 .0000 -5.0000 -5.0000 .0000 .0000 -8.0000 -.4355 -4.8511
.0000 .0000 5.0000 .0000 .0000 .0000 .0000 .0000 5.0000 .0000 .0000 .0000 .0000 .0000 .0000 .0000 5.0000 -8.0000 .0000 .0000 -5.0000 -5.0000 5.0000 -8.0000 .0000 .0000 -5.0000 .0000 -8.0000 -8.0000 .0000 -5.0000 -5.0000 .0000 -8.0000 -8.0000 .1798 -4.8649
.0000 .0000 5.0000 5.0000 -8.0000 -8.0000 .0000 .0000 5.0000 5.0000 -8.0000 -8.0000 .0000 .0000 .0000 .0000 -8.0000 -8.0000 .0000 .0000 -5.0000 -5.0000 -8.0000 -8.0000 .0000 .0000 -5.0000 -5.0000 -8.0000 -8.0000 -5.0000 -5.0000 -5.0000 .0000 .0000 -8.0000 -.8897 -4.8071
5.0000 5.0000 .0000 -8.0000 -8.0000 -8.0000 .0000 5.0000 5.0000 -8.0000 -8.0000 -8.0000 .0000 .0000 .0000 .0000 -8.0000 -8.0000 .0000 .0000 -5.0000 -5.0000 -8.0000 -8.0000 .0000 .0000 -5.0000 .0000 .0000 -8.0000 .0000 -5.0000 -5.0000 .0000 .0000 .0000 1.7885 -4.9785
.0000 5.0000 5.0000 -8.0000 -8.0000 -8.0000 .0000 5.0000 .0000 -8.0000 -8.0000 -8.0000 .0000 .0000 5.0000 -8.0000 -8.0000 -8.0000 .0000 .0000 -5.0000 -5.0000 -8.0000 -8.0000 .0000 .0000 -5.0000 -5.0000 -8.0000 -8.0000 .0000 -5.0000 -5.0000 .0000 -8.0000 -8.0000 1.5561 -4.9039
.0000 -8.0000 -8.0000 -8.0000 -8.0000 -8.0000 .0000 5.0000 5.0000 -8.0000 -8.0000 -8.0000 .0000 .0000 .0000 .0000 -8.0000 -8.0000 .0000 .0000 -5.0000 -5.0000 -8.0000 -8.0000 .0000 .0000 -5.0000 -8.0000 -8.0000 -8.0000 .0000 .0000 -5.0000 -8.0000 -8.0000 -8.0000 .8109 -4.8501
.0000 .0000 .0000 -8.0000 -8.0000 -8.0000 5.0000 .0000 .0000 .0000 -8.0000 -8.0000 5.0000 5.0000 .0000 .0000 -8.0000 -8.0000 5.0000 5.0000 -5.0000 -5.0000 .0000 -8.0000 -5.0000 -5.0000 -5.0000 .0000 .0000 .0000 .0000 .0000 5.0000 .0000 .0000 -8.0000 3.5815 -3.9090
.0000 .0000 .0000 5.0000 -8.0000 -8.0000 .0000 .0000 .0000 5.0000 -8.0000 -8.0000 .0000 5.0000 .0000 .0000 .0000 -8.0000 .0000 5.0000 -5.0000 -5.0000 .0000 .0000 .0000 -5.0000 -5.0000 .0000 .0000 .0000 .0000 -5.0000 .0000 .0000 .0000 .0000 -2.8708 .8248
.0000 .0000 .0000 5.0000 .0000 -8.0000 5.0000 .0000 .0000 5.0000 5.0000 -8.0000 5.0000 .0000 .0000 .0000 -8.0000 -8.0000 .0000 .0000 -5.0000 -5.0000 -8.0000 -8.0000 .0000 .0000 -5.0000 -8.0000 -8.0000 -8.0000 .0000 .0000 -5.0000 -8.0000 -8.0000 -8.0000 -2.7531 -3.3142
.0000 5.0000 .0000 .0000 .0000 -8.0000 .0000 5.0000 5.0000 .0000 .0000 .0000 .0000 5.0000 5.0000 .0000 .0000 .0000 5.0000 .0000 -5.0000 -5.0000 .0000 .0000 5.0000 .0000 -5.0000 -5.0000 .0000 -8.0000 .0000 -5.0000 -5.0000 5.0000 -8.0000 -8.0000 4.8224 -4.0638
.0000 .0000 .0000 .0000 .0000 -8.0000 .0000 5.0000 5.0000 .0000 .0000 -8.0000 .0000 5.0000 5.0000 .0000 .0000 -8.0000 .0000 5.0000 -5.0000 -5.0000 .0000 .0000 .0000 .0000 -5.0000 .0000 .0000 .0000 .0000 -5.0000 -5.0000 .0000 .0000 .0000 -1.9173 .9316
.0000 .0000 .0000 5.0000 5.0000 .0000 .0000 .0000 .0000 5.0000 .0000 .0000 .0000 5.0000 5.0000 .0000 .0000 .0000 .0000 5.0000 -5.0000 -5.0000 .0000 5.0000 .0000 .0000 -5.0000 .0000 .0000 -8.0000 .0000 -5.0000 -5.0000 .0000 .0000 -8.0000 2.1695 -.4236
.0000 .0000 .0000 5.0000 .0000 .0000 .0000 .0000 .0000 5.0000 .0000 .0000 .0000 .0000 .0000 .0000 5.0000 .0000 .0000 .0000 -5.0000 -5.0000 5.0000 .0000 .0000 5.0000 -5.0000 -5.0000 .0000 .0000 .0000 -5.0000 -5.0000 .0000 .0000 .0000 -2.6570 2.0947
.0000 5.0000 .0000 .0000 .0000 5.0000 .0000 5.0000 .0000 .0000 .0000 .0000 .0000 .0000 .0000 .0000 .0000 .0000 -5.0000 .0000 -5.0000 -5.0000 .0000 .0000 -5.0000 -5.0000 -5.0000 .0000 .0000 .0000 5.0000 .0000 .0000 .0000 .0000 .0000 -.7353 -5.2392
.0000 .0000 .0000 5.0000 5.0000 .0000 .0000 .0000 5.0000 5.0000 .0000 .0000 .0000 .0000 .0000 .0000 .0000 .0000 -5.0000 -5.0000 -5.0000 -5.0000 .0000 5.0000 -5.0000 -5.0000 -5.0000 5.0000 .0000 5.0000 .0000 .0000 .0000 5.0000 5.0000 .0000 -3.3996 -3.2313
.0000 -8.0000 -8.0000 -8.0000 -8.0000 -8.0000 5.0000 5.0000 -8.0000 -8.0000 -8.0000 -8.0000 .0000 .0000 .0000 -8.0000 -8.0000 -8.0000 .0000 .0000 -5.0000 -5.0000 -8.0000 -8.0000 .0000 -5.0000 -5.0000 5.0000 .0000 -8.0000 -5.0000 -5.0000 -5.0000 5.0000 .0000 .0000 .0238 -4.6020
-8.0000 -8.0000 .0000 .0000 .0000 .0000 -8.0000 -8.0000 .0000 5.0000 .0000 .0000 -8.0000 .0000 .0000 .0000 .0000 .0000 -5.0000 .0000 -5.0000 -5.0000 .0000 .0000 -5.0000 -5.0000 -5.0000 .0000 .0000 .0000 -5.0000 -5.0000 -5.0000 .0000 .0000 .0000 -2.7567 -1.8044
-8.0000 -8.0000 -8.0000 -8.0000 .0000 .0000 -8.0000 -8.0000 5.0000 5.0000 .0000 .0000 -8.0000 .0000 .0000 5.0000 5.0000 .0000 -5.0000 .0000 -5.0000 -5.0000 .0000 .0000 -5.0000 -5.0000 -5.0000 .0000 .0000 .0000 -5.0000 -5.0000 .0000 .0000 .0000 5.0000 -.9697 2.7853
-8.0000 -8.0000 -8.0000 -8.0000 -8.0000 -8.0000 -8.0000 -8.0000 5.0000 .0000 .0000 .0000 -8.0000 -8.0000 .0000 .0000 .0000 .0000 -8.0000 -8.0000 -5.0000 -5.0000 .0000 .0000 -8.0000 -8.0000 .0000 -5.0000 -5.0000 5.0000 -8.0000 -8.0000 .0000 .0000 -5.0000 -5.0000 -1.4579 -2.2109
-8.0000 -8.0000 -8.0000 -8.0000 -8.0000 -8.0000 -8.0000 -8.0000 -8.0000 -8.0000 -8.0000 -8.0000 -8.0000 -8.0000 -8.0000 .0000 .0000 .0000 -8.0000 -8.0000 -6.5000 -5.0000 .0000 .0000 -8.0000 -8.0000 -5.0000 -5.0000 .0000 .0000 -8.0000 -8.0000 -2.5000 -5.0000 -2.5000 2.5000 -2.9413 1.7048
.0000 .0000 .0000 5.0000 5.0000 .0000 .0000 .0000 .0000 .0000 .0000 .0000 .0000 .0000 .0000 .0000 .0000 .0000 .0000 .0000 -5.0000 -5.0000 .0000 .0000 .0000 .0000 -5.0000 -5.0000 .0000 .0000 .0000 -5.0000 -5.0000 .0000 .0000 .0000 -1.5046 2.0578
.0000 -8.0000 -8.0000 -8.0000 -8.0000 -8.0000 .0000 .0000 .0000 -8.0000 -8.0000 -8.0000 .0000 .0000 .0000 .0000 .0000 -8.0000 .0000 .0000 -5.0000 -5.0000 .0000 .0000 .0000 .0000 -5.0000 -2.5000 .0000 .0000 .0000 -5.0000 -5.0000 .0000 2.5000 2.5000 1.2613 -2.9413
.0016 1.2760 3.8021 .0326 .4427 .0000 .0000 1.2500 3.7760 .0000 .0260 .0000 .0000 -.0195 1.2500 .0000 .0260 .0000 -.0018 -.0260 -5.0000 -5.0000 .0000 .0000 -2.9190 -2.4771 -5.0000 .0000 .0000 .0000 -1.2506 -2.0840 -1.6667 .0000 .0000 .0000 -.8969 .6529
-8.0000 -8.0000 -8.0000 -8.0000 -8.0000 -6.0000 -7.9212 -7.9056 -7.9178 -7.9216 -1.9733 -1.6443 -6.4193 -1.9450 1.2500 .0130 1.2630 -.0631 -.0833 1.2500 -5.0000 -5.0000 1.2630 .0333 .0000 .0000 -4.9956 -4.9971 .0130 .0000 .4167 .4181 -3.7109 -3.3291 .0000 .0000 .6032 .6370
.0000 5.0000 .0000 .0000 .0000 .0000 .0000 5.0000 .0000 .0000 5.0000 .0000 .0000 .0000 .0000 .0000 .0000 .0000 .0000 5.0000 -5.0000 -5.0000 .0000 .0000 .0000 5.0000 .0000 -5.0000 -5.0000 .0000 .0000 5.0000 .0000 .0000 -5.0000 -5.0000 -2.6097 -2.1731
.0000 .0000 .0000 5.0000 .0000 .0000 .0000 .0000 .0000 .0000 5.0000 .0000 5.0000 5.0000 .0000 .0000 .0000 -5.0000 .0000 .0000 -5.0000 -5.0000 -5.0000 -5.0000 .0000 .0000 .0000 -5.0000 -5.0000 .0000 .0000 .0000 .0000 .0000 .0000 .0000 -3.4318 -.5586
.0000 .0000 5.0000 5.0000 5.0000 5.0000 5.0000 .0000 .0000 .0000 5.0000 5.0000 .0000 .0000 .0000 .0000 .0000 .0000 .0000 5.0000 -5.0000 -5.0000 .0000 5.0000 .0000 .0000 .0000 -5.0000 .0000 5.0000 .0000 5.0000 .0000 -5.0000 -5.0000 -5.0000 -1.2820 -.2837
.0000 5.0000 .0000 .0000 .0000 .0000 .0000 5.0000 5.0000 .0000 5.0000 .0000 .0000 .0000 .0000 .0000 .0000 -5.0000 .0000 .0000 -5.0000 -5.0000 .0000 -5.0000 .0000 .0000 5.0000 -5.0000 -5.0000 -5.0000 .0000 .0000 5.0000 5.0000 .0000 5.0000 2.1284 -2.8935
-8.0000 -8.0000 -8.0000 -8.0000 -8.0000 -8.0000 5.0000 5.0000 .0000 .0000 5.0000 .0000 .0000 5.0000 .0000 .0000 5.0000 .0000 5.0000 5.0000 -5.0000 -5.0000 .0000 .0000 5.0000 .0000 .0000 -5.0000 .0000 .0000 .0000 .0000 .0000 -5.0000 -5.0000 -5.0000 .6003 -.0487
.0000 -5.0000 -5.0000 -5.0000 .0000 5.0000 .0000 .0000 -5.0000 -5.0000 -5.0000 5.0000 .0000 .0000 .0000 .0000 -5.0000 -5.0000 .0000 .0000 -5.0000 -5.0000 -5.0000 .0000 .0000 .0000 .0000 -5.0000 -5.0000 -8.0000 5.0000 5.0000 5.0000 -8.0000 -8.0000 -8.0000 -2.4077 -3.4553
.0000 .0000 5.0000 5.0000 .0000 .0000 .0000 .0000 .0000 .0000 .0000 .0000 .0000 .0000 .0000 .0000 .0000 .0000 .0000 .0000 -5.0000 -5.0000 .0000 5.0000 .0000 .0000 5.0000 -5.0000 -5.0000 .0000 5.0000 .0000 5.0000 .0000 -5.0000 .0000 -1.2335 1.5927
.0000 .0000 .0000 5.0000 .0000 .0000 .0000 .0000 .0000 .0000 .0000 5.0000 .0000 .0000 .0000 5.0000 .0000 .0000 .0000 5.0000 -5.0000 -5.0000 .0000 .0000 .0000 5.0000 5.0000 -5.0000 .0000 .0000 .0000 .0000 .0000 -5.0000 -5.0000 .0000 -2.1450 .0446
-8.0000 -8.0000 -8.0000 -8.0000 -8.0000 5.0000 -8.0000 -8.0000 -8.0000 .0000 .0000 .0000 -8.0000 5.0000 .0000 .0000 .0000 .0000 .0000 5.0000 -5.0000 -5.0000 .0000 .0000 .0000 5.0000 -5.0000 -5.0000 .0000 .0000 .0000 5.0000 -5.0000 .0000 .0000 .0000 -.9869 2.3351
.0000 5.0000 5.0000 .0000 .0000 .0000 .0000 .0000 .0000 .0000 .0000 .0000 -5.0000 -5.0000 .0000 .0000 .0000 .0000 -5.0000 -5.0000 -5.0000 -5.0000 .0000 .0000 .0000 -5.0000 -5.0000 .0000 .0000 .0000 .0000 .0000 .0000 .0000 .0000 .0000 -2.4491 -1.8611
-8.0000 .0000 .0000 .0000 -8.0000 -8.0000 5.0000 5.0000 .0000 .0000 5.0000 -8.0000 -5.0000 -5.0000 .0000 .0000 .0000 5.0000 -5.0000 .0000 -5.0000 -5.0000 5.0000 5.0000 -5.0000 -5.0000 -5.0000 .0000 .0000 .0000 .0000 .0000 .0000 .0000 5.0000 5.0000 1.8798 -1.4336
.0000 .0000 -5.0000 .0000 .0000 .0000 .0000 -5.0000 -5.0000 -5.0000 .0000 .0000 -5.0000 -5.0000 .0000 .0000 .0000 .0000 .0000 -5.0000 -5.0000 -5.0000 .0000 -8.0000 5.0000 .0000 -5.0000 5.0000 -8.0000 -8.0000 5.0000 .0000 .0000 -8.0000 -8.0000 -8.0000 -1.3992 .8358
-8.0000 -8.0000 -8.0000 -8.0000 -8.0000 -8.0000 .0000 .0000 -1.5000 -4.0000 -8.0000 -8.0000 .0000 5.0000 5.0000 -4.0000 -8.0000 -8.0000 .0000 .0000 -5.0000 -8.0000 -8.0000 -8.0000 .0000 .0000 -5.0000 -8.0000 -8.0000 -8.0000 .0000 .0000 -5.0000 -8.0000 -8.0000 -8.0000 .2804 -1.4504
-8.0000 -8.0000 -8.0000 -8.0000 -8.0000 -8.0000 .0000 .0000 -8.0000 -8.0000 -8.0000 -8.0000 .0000 .0000 .0000 -8.0000 -8.0000 -8.0000 .0000 .0000 -5.0000 -5.0000 -8.0000 -8.0000 .0000 -5.0000 -5.0000 -8.0000 -8.0000 -8.0000 .0000 -5.0000 -8.0000 -8.0000 -8.0000 -8.0000 2.9413 -3.9090
.0000 .0000 .0000 .0000 .0000 .0000 .0000 2.5000 .0000 .0000 .0000 .0000 .0000 2.5000 .0000 .0000 .0000 .0000 .0000 -2.5000 -5.0000 -5.0000 .0000 .0000 .0000 -5.0000 -5.0000 .0000 2.5000 .0000 .0000 .0000 .0000 .0000 .0000 .0000 .2136 -1.0232
.3333 .0000 .3333 -7.1333 -8.0000 -8.0000 .0000 .0000 .3333 -7.1333 -8.0000 -8.0000 .0000 .3333 .0000 -4.8000 -8.0000 -8.0000 .0000 .0000 -5.0000 -7.0000 -8.0000 -8.0000 .0000 .0000 -5.0000 -6.8000 -8.0000 -8.0000 .5000 .0000 -4.6667 -2.4667 -5.3333 -8.0000 2.9031 -3.7501
.0000 .0000 -8.0000 -8.0000 -8.0000 -8.0000 .0000 .0000 .0000 -8.0000 -8.0000 -8.0000 .0000 .0000 .0000 -8.0000 -8.0000 -8.0000 .0000 .0000 -5.0000 -5.0000 -8.0000 -8.0000 .0000 -5.0000 -5.0000 .0000 -8.0000 -8.0000 .0000 .0000 -5.0000 -8.0000 -8.0000 -8.0000 3.2850 -4.0025
.0000 .0000 .0000 .0000 .0000 .0000 .0000 .0000 .0000 .0000 .0000 .0000 .0000 .0000 .0000 5.0000 5.0000 .0000 .0000 .0000 -5.0000 -5.0000 .0000 .0000 .0000 .0000 -5.0000 -5.0000 .0000 .0000 .0000 .0000 -5.0000 -5.0000 .0000 .0000 -.6504 2.2877
.0000 5.0000 .0000 .0000 .0000 .0000 .0000 5.0000 5.0000 .0000 5.0000 .0000 .0000 5.0000 5.0000 .0000 5.0000 .0000 .0000 5.0000 -5.0000 -5.0000 .0000 .0000 .0000 .0000 -5.0000 -5.0000 .0000 .0000 .0000 .0000 .0000 -5.0000 .0000 .0000 .4101 -4.4160
.0000 .0000 5.0000 .0000 .0000 -8.0000 .0000 .0000 5.0000 .0000 .0000 .0000 .0000 5.0000 5.0000 .0000 .0000 .0000 .0000 5.0000 -5.0000 -5.0000 5.0000 .0000 .0000 5.0000 -5.0000 .0000 .0000 .0000 .0000 .0000 -5.0000 .0000 .0000 5.0000 2.6651 -2.5453
.0000 .0000 .0000 .0000 5.0000 .0000 .0000 .0000 .0000 2.5000 5.0000 .0000 .0000 .0000 .0000 .0000 .0000 .0000 .0000 .0000 -5.0000 -5.0000 .0000 .0000 .0000 -2.5000 -5.0000 -2.5000 .0000 .0000 .0000 .0000 .0000 -2.5000 .0000 .0000 -1.6884 .0578
1.1217 .0106 .6985 1.3653 .6270 .1111 .1164 .0106 .1323 .2381 .7330 .0000 1.2381 .0053 .0000 .0000 .0001 .0000 1.0090 -.0012 -5.0000 -5.0000 -.1151 .0026 .1071 -.0053 -.0952 -4.9788 -3.8924 .0026 .1045 -.0265 .9264 -4.3743 -3.2210 .0007 .3446 -.1754
-7.3333 -8.0000 -8.0000 -8.0000 -8.0000 -8.0000 -2.6667 -1.3333 -.1250 -2.6667 -2.6667 -2.6667 .0000 .0000 .0000 .0000 -.6667 -.6667 .0000 .0000 -5.0000 -5.0000 .0000 .0000 .0000 .0000 -5.0000 -2.5000 .0000 .2083 .0000 .0000 -5.0000 -.8333 .0000 .0000 .1623 -.2046
.0000 5.0000 5.0000 -8.0000 -8.0000 -8.0000 .0000 5.0000 .0000 .0000 -8.0000 -8.0000 .0000 .0000 .0000 .0000 -8.0000 -8.0000 .0000 .0000 -5.0000 -5.0000 .0000 -8.0000 -5.0000 -5.0000 -5.0000 .0000 .0000 -8.0000 -5.0000 5.0000 5.0000 .0000 .0000 .0000 -1.7412 -5.3521
